sub	cell	channel	voltage	switch	coronal	sagittal	SC_RT	MC_RT	old_IAT	IAT_2003
5	No-switch	F3	-1.2269965	0	0	0	110.8312	152.2565	0.189147433	0.7373759
5	switch	F3	-1.4809095	1	0	0	110.8312	152.2565	0.189147433	0.7373759
5	No-switch	FZ	-0.718394	0	0	1	110.8312	152.2565	0.189147433	0.7373759
5	switch	FZ	-0.8007705	1	0	1	110.8312	152.2565	0.189147433	0.7373759
5	No-switch	F4	0.113123	0	0	2	110.8312	152.2565	0.189147433	0.7373759
5	switch	F4	0.8607885	1	0	2	110.8312	152.2565	0.189147433	0.7373759
5	No-switch	FC3	-0.043254	0	1	0	110.8312	152.2565	0.189147433	0.7373759
5	switch	FC3	0.2854685	1	1	0	110.8312	152.2565	0.189147433	0.7373759
5	No-switch	FCZ	1.166238	0	1	1	110.8312	152.2565	0.189147433	0.7373759
5	switch	FCZ	1.4761835	1	1	1	110.8312	152.2565	0.189147433	0.7373759
5	No-switch	FC4	1.953407	0	1	2	110.8312	152.2565	0.189147433	0.7373759
5	switch	FC4	2.95187	1	1	2	110.8312	152.2565	0.189147433	0.7373759
5	No-switch	C3	3.328761	0	2	0	110.8312	152.2565	0.189147433	0.7373759
5	switch	C3	4.236682	1	2	0	110.8312	152.2565	0.189147433	0.7373759
5	No-switch	CZ	6.218678	0	2	1	110.8312	152.2565	0.189147433	0.7373759
5	switch	CZ	7.1891495	1	2	1	110.8312	152.2565	0.189147433	0.7373759
5	No-switch	C4	4.353923	0	2	2	110.8312	152.2565	0.189147433	0.7373759
5	switch	C4	5.6391145	1	2	2	110.8312	152.2565	0.189147433	0.7373759
5	No-switch	CP3	6.6840835	0	3	0	110.8312	152.2565	0.189147433	0.7373759
5	switch	CP3	7.2144055	1	3	0	110.8312	152.2565	0.189147433	0.7373759
5	No-switch	CPZ	11.081758	0	3	1	110.8312	152.2565	0.189147433	0.7373759
5	switch	CPZ	11.6287845	1	3	1	110.8312	152.2565	0.189147433	0.7373759
5	No-switch	CP4	8.768873	0	3	2	110.8312	152.2565	0.189147433	0.7373759
5	switch	CP4	9.7851595	1	3	2	110.8312	152.2565	0.189147433	0.7373759
5	No-switch	P3	10.0904335	0	4	0	110.8312	152.2565	0.189147433	0.7373759
5	switch	P3	10.014792	1	4	0	110.8312	152.2565	0.189147433	0.7373759
5	No-switch	PZ	11.181765	0	4	1	110.8312	152.2565	0.189147433	0.7373759
5	switch	PZ	11.728038	1	4	1	110.8312	152.2565	0.189147433	0.7373759
5	No-switch	P4	12.7788685	0	4	2	110.8312	152.2565	0.189147433	0.7373759
5	switch	P4	13.58488	1	4	2	110.8312	152.2565	0.189147433	0.7373759
6	No-switch	F3	-4.032583	0	0	0	58.16555	33.64045	0.02704164	0.1207557
6	switch	F3	-5.4502695	1	0	0	58.16555	33.64045	0.02704164	0.1207557
6	No-switch	FZ	-6.572671	0	0	1	58.16555	33.64045	0.02704164	0.1207557
6	switch	FZ	-7.633472	1	0	1	58.16555	33.64045	0.02704164	0.1207557
6	No-switch	F4	-5.3746995	0	0	2	58.16555	33.64045	0.02704164	0.1207557
6	switch	F4	-6.8814685	1	0	2	58.16555	33.64045	0.02704164	0.1207557
6	No-switch	FC3	-0.7375695	0	1	0	58.16555	33.64045	0.02704164	0.1207557
6	switch	FC3	-3.0020445	1	1	0	58.16555	33.64045	0.02704164	0.1207557
6	No-switch	FCZ	-4.7020015	0	1	1	58.16555	33.64045	0.02704164	0.1207557
6	switch	FCZ	-6.3254585	1	1	1	58.16555	33.64045	0.02704164	0.1207557
6	No-switch	FC4	-0.972488	0	1	2	58.16555	33.64045	0.02704164	0.1207557
6	switch	FC4	-2.3276155	1	1	2	58.16555	33.64045	0.02704164	0.1207557
6	No-switch	C3	4.784924	0	2	0	58.16555	33.64045	0.02704164	0.1207557
6	switch	C3	1.9690265	1	2	0	58.16555	33.64045	0.02704164	0.1207557
6	No-switch	CZ	1.526951	0	2	1	58.16555	33.64045	0.02704164	0.1207557
6	switch	CZ	-0.255172	1	2	1	58.16555	33.64045	0.02704164	0.1207557
6	No-switch	C4	3.053115	0	2	2	58.16555	33.64045	0.02704164	0.1207557
6	switch	C4	2.05129	1	2	2	58.16555	33.64045	0.02704164	0.1207557
6	No-switch	CP3	7.2123585	0	3	0	58.16555	33.64045	0.02704164	0.1207557
6	switch	CP3	4.886634	1	3	0	58.16555	33.64045	0.02704164	0.1207557
6	No-switch	CPZ	6.30755	0	3	1	58.16555	33.64045	0.02704164	0.1207557
6	switch	CPZ	4.507502	1	3	1	58.16555	33.64045	0.02704164	0.1207557
6	No-switch	CP4	6.02033	0	3	2	58.16555	33.64045	0.02704164	0.1207557
6	switch	CP4	5.842119	1	3	2	58.16555	33.64045	0.02704164	0.1207557
6	No-switch	P3	9.8569575	0	4	0	58.16555	33.64045	0.02704164	0.1207557
6	switch	P3	8.7883075	1	4	0	58.16555	33.64045	0.02704164	0.1207557
6	No-switch	PZ	10.0415225	0	4	1	58.16555	33.64045	0.02704164	0.1207557
6	switch	PZ	9.235663	1	4	1	58.16555	33.64045	0.02704164	0.1207557
6	No-switch	P4	9.1256975	0	4	2	58.16555	33.64045	0.02704164	0.1207557
6	switch	P4	9.985752	1	4	2	58.16555	33.64045	0.02704164	0.1207557
7	No-switch	F3	-4.671647	0	0	0	42.6176	169.9955	0.285930433	1.2286988
7	switch	F3	-3.6317235	1	0	0	42.6176	169.9955	0.285930433	1.2286988
7	No-switch	FZ	-6.4302105	0	0	1	42.6176	169.9955	0.285930433	1.2286988
7	switch	FZ	-4.226797	1	0	1	42.6176	169.9955	0.285930433	1.2286988
7	No-switch	F4	-5.8928145	0	0	2	42.6176	169.9955	0.285930433	1.2286988
7	switch	F4	-4.684344	1	0	2	42.6176	169.9955	0.285930433	1.2286988
7	No-switch	FC3	-1.92235	0	1	0	42.6176	169.9955	0.285930433	1.2286988
7	switch	FC3	-1.2175175	1	1	0	42.6176	169.9955	0.285930433	1.2286988
7	No-switch	FCZ	-5.3771855	0	1	1	42.6176	169.9955	0.285930433	1.2286988
7	switch	FCZ	-3.6030575	1	1	1	42.6176	169.9955	0.285930433	1.2286988
7	No-switch	FC4	-2.371393	0	1	2	42.6176	169.9955	0.285930433	1.2286988
7	switch	FC4	-1.562609	1	1	2	42.6176	169.9955	0.285930433	1.2286988
7	No-switch	C3	2.297105	0	2	0	42.6176	169.9955	0.285930433	1.2286988
7	switch	C3	2.291795	1	2	0	42.6176	169.9955	0.285930433	1.2286988
7	No-switch	CZ	-0.8979875	0	2	1	42.6176	169.9955	0.285930433	1.2286988
7	switch	CZ	-0.855574	1	2	1	42.6176	169.9955	0.285930433	1.2286988
7	No-switch	C4	0.3486395	0	2	2	42.6176	169.9955	0.285930433	1.2286988
7	switch	C4	1.1373265	1	2	2	42.6176	169.9955	0.285930433	1.2286988
7	No-switch	CP3	5.5645325	0	3	0	42.6176	169.9955	0.285930433	1.2286988
7	switch	CP3	5.0460105	1	3	0	42.6176	169.9955	0.285930433	1.2286988
7	No-switch	CPZ	3.023721	0	3	1	42.6176	169.9955	0.285930433	1.2286988
7	switch	CPZ	2.491629	1	3	1	42.6176	169.9955	0.285930433	1.2286988
7	No-switch	CP4	4.5990475	0	3	2	42.6176	169.9955	0.285930433	1.2286988
7	switch	CP4	4.764574	1	3	2	42.6176	169.9955	0.285930433	1.2286988
7	No-switch	P3	8.2624645	0	4	0	42.6176	169.9955	0.285930433	1.2286988
7	switch	P3	7.8285135	1	4	0	42.6176	169.9955	0.285930433	1.2286988
7	No-switch	PZ	7.7472465	0	4	1	42.6176	169.9955	0.285930433	1.2286988
7	switch	PZ	6.1386965	1	4	1	42.6176	169.9955	0.285930433	1.2286988
7	No-switch	P4	7.28453	0	4	2	42.6176	169.9955	0.285930433	1.2286988
7	switch	P4	7.4295725	1	4	2	42.6176	169.9955	0.285930433	1.2286988
8	No-switch	F3	-10.20409	0	0	0	72.6511	164.5831	0.22150265	0.8665065
8	switch	F3	-7.5519965	1	0	0	72.6511	164.5831	0.22150265	0.8665065
8	No-switch	FZ	-10.7456565	0	0	1	72.6511	164.5831	0.22150265	0.8665065
8	switch	FZ	-7.443004	1	0	1	72.6511	164.5831	0.22150265	0.8665065
8	No-switch	F4	-9.087914	0	0	2	72.6511	164.5831	0.22150265	0.8665065
8	switch	F4	-6.530309	1	0	2	72.6511	164.5831	0.22150265	0.8665065
8	No-switch	FC3	-9.666352	0	1	0	72.6511	164.5831	0.22150265	0.8665065
8	switch	FC3	-6.497255	1	1	0	72.6511	164.5831	0.22150265	0.8665065
8	No-switch	FCZ	-10.7663675	0	1	1	72.6511	164.5831	0.22150265	0.8665065
8	switch	FCZ	-7.4460315	1	1	1	72.6511	164.5831	0.22150265	0.8665065
8	No-switch	FC4	-6.684587	0	1	2	72.6511	164.5831	0.22150265	0.8665065
8	switch	FC4	-3.631804	1	1	2	72.6511	164.5831	0.22150265	0.8665065
8	No-switch	C3	-6.223463	0	2	0	72.6511	164.5831	0.22150265	0.8665065
8	switch	C3	-2.661008	1	2	0	72.6511	164.5831	0.22150265	0.8665065
8	No-switch	CZ	-3.6008895	0	2	1	72.6511	164.5831	0.22150265	0.8665065
8	switch	CZ	2.156605	1	2	1	72.6511	164.5831	0.22150265	0.8665065
8	No-switch	C4	-3.8994325	0	2	2	72.6511	164.5831	0.22150265	0.8665065
8	switch	C4	0.6031545	1	2	2	72.6511	164.5831	0.22150265	0.8665065
8	No-switch	CP3	-2.625625	0	3	0	72.6511	164.5831	0.22150265	0.8665065
8	switch	CP3	0.51824	1	3	0	72.6511	164.5831	0.22150265	0.8665065
8	No-switch	CPZ	-3.595522	0	3	1	72.6511	164.5831	0.22150265	0.8665065
8	switch	CPZ	2.126867	1	3	1	72.6511	164.5831	0.22150265	0.8665065
8	No-switch	CP4	0.3493085	0	3	2	72.6511	164.5831	0.22150265	0.8665065
8	switch	CP4	5.2076115	1	3	2	72.6511	164.5831	0.22150265	0.8665065
8	No-switch	P3	1.47046	0	4	0	72.6511	164.5831	0.22150265	0.8665065
8	switch	P3	5.6006985	1	4	0	72.6511	164.5831	0.22150265	0.8665065
8	No-switch	PZ	-3.5694605	0	4	1	72.6511	164.5831	0.22150265	0.8665065
8	switch	PZ	2.193327	1	4	1	72.6511	164.5831	0.22150265	0.8665065
8	No-switch	P4	3.4087195	0	4	2	72.6511	164.5831	0.22150265	0.8665065
8	switch	P4	8.33461	1	4	2	72.6511	164.5831	0.22150265	0.8665065
9	No-switch	F3	-0.3332875	0	0	0	181.27775	262.83935	0.127571016	0.7678545
9	switch	F3	2.827094	1	0	0	181.27775	262.83935	0.127571016	0.7678545
9	No-switch	FZ	-0.3494625	0	0	1	181.27775	262.83935	0.127571016	0.7678545
9	switch	FZ	2.6659665	1	0	1	181.27775	262.83935	0.127571016	0.7678545
9	No-switch	F4	-0.2846895	0	0	2	181.27775	262.83935	0.127571016	0.7678545
9	switch	F4	2.9114395	1	0	2	181.27775	262.83935	0.127571016	0.7678545
9	No-switch	FC3	0.4343845	0	1	0	181.27775	262.83935	0.127571016	0.7678545
9	switch	FC3	3.21493	1	1	0	181.27775	262.83935	0.127571016	0.7678545
9	No-switch	FCZ	0.185019	0	1	1	181.27775	262.83935	0.127571016	0.7678545
9	switch	FCZ	2.7121895	1	1	1	181.27775	262.83935	0.127571016	0.7678545
9	No-switch	FC4	0.5968715	0	1	2	181.27775	262.83935	0.127571016	0.7678545
9	switch	FC4	3.1811385	1	1	2	181.27775	262.83935	0.127571016	0.7678545
9	No-switch	C3	0.697892	0	2	0	181.27775	262.83935	0.127571016	0.7678545
9	switch	C3	2.8202685	1	2	0	181.27775	262.83935	0.127571016	0.7678545
9	No-switch	CZ	0.3435515	0	2	1	181.27775	262.83935	0.127571016	0.7678545
9	switch	CZ	2.3802195	1	2	1	181.27775	262.83935	0.127571016	0.7678545
9	No-switch	C4	1.100706	0	2	2	181.27775	262.83935	0.127571016	0.7678545
9	switch	C4	3.0740935	1	2	2	181.27775	262.83935	0.127571016	0.7678545
9	No-switch	CP3	1.2421795	0	3	0	181.27775	262.83935	0.127571016	0.7678545
9	switch	CP3	3.0842585	1	3	0	181.27775	262.83935	0.127571016	0.7678545
9	No-switch	CPZ	0.4671685	0	3	1	181.27775	262.83935	0.127571016	0.7678545
9	switch	CPZ	2.091563	1	3	1	181.27775	262.83935	0.127571016	0.7678545
9	No-switch	CP4	1.5583515	0	3	2	181.27775	262.83935	0.127571016	0.7678545
9	switch	CP4	3.274577	1	3	2	181.27775	262.83935	0.127571016	0.7678545
9	No-switch	P3	2.5157855	0	4	0	181.27775	262.83935	0.127571016	0.7678545
9	switch	P3	3.907461	1	4	0	181.27775	262.83935	0.127571016	0.7678545
9	No-switch	PZ	1.5722065	0	4	1	181.27775	262.83935	0.127571016	0.7678545
9	switch	PZ	3.304083	1	4	1	181.27775	262.83935	0.127571016	0.7678545
9	No-switch	P4	2.652089	0	4	2	181.27775	262.83935	0.127571016	0.7678545
9	switch	P4	3.982333	1	4	2	181.27775	262.83935	0.127571016	0.7678545
11	No-switch	F3	-3.510961	0	0	0	110.51785	171.14545	0.191008977	0.8682458
11	switch	F3	-1.1904665	1	0	0	110.51785	171.14545	0.191008977	0.8682458
11	No-switch	FZ	-3.354377	0	0	1	110.51785	171.14545	0.191008977	0.8682458
11	switch	FZ	-1.6436605	1	0	1	110.51785	171.14545	0.191008977	0.8682458
11	No-switch	F4	-2.86544	0	0	2	110.51785	171.14545	0.191008977	0.8682458
11	switch	F4	-1.571993	1	0	2	110.51785	171.14545	0.191008977	0.8682458
11	No-switch	FC3	-1.7664165	0	1	0	110.51785	171.14545	0.191008977	0.8682458
11	switch	FC3	-0.336941	1	1	0	110.51785	171.14545	0.191008977	0.8682458
11	No-switch	FCZ	-2.3003995	0	1	1	110.51785	171.14545	0.191008977	0.8682458
11	switch	FCZ	-0.470298	1	1	1	110.51785	171.14545	0.191008977	0.8682458
11	No-switch	FC4	-1.924564	0	1	2	110.51785	171.14545	0.191008977	0.8682458
11	switch	FC4	-0.2963205	1	1	2	110.51785	171.14545	0.191008977	0.8682458
11	No-switch	C3	-1.1017835	0	2	0	110.51785	171.14545	0.191008977	0.8682458
11	switch	C3	1.118449	1	2	0	110.51785	171.14545	0.191008977	0.8682458
11	No-switch	CZ	-1.1943325	0	2	1	110.51785	171.14545	0.191008977	0.8682458
11	switch	CZ	1.019916	1	2	1	110.51785	171.14545	0.191008977	0.8682458
11	No-switch	C4	-1.257681	0	2	2	110.51785	171.14545	0.191008977	0.8682458
11	switch	C4	0.3275305	1	2	2	110.51785	171.14545	0.191008977	0.8682458
11	No-switch	CP3	-0.6268475	0	3	0	110.51785	171.14545	0.191008977	0.8682458
11	switch	CP3	0.9385925	1	3	0	110.51785	171.14545	0.191008977	0.8682458
11	No-switch	CPZ	-0.036652	0	3	1	110.51785	171.14545	0.191008977	0.8682458
11	switch	CPZ	2.0781585	1	3	1	110.51785	171.14545	0.191008977	0.8682458
11	No-switch	CP4	-0.6175555	0	3	2	110.51785	171.14545	0.191008977	0.8682458
11	switch	CP4	0.8346165	1	3	2	110.51785	171.14545	0.191008977	0.8682458
11	No-switch	P3	0.1717935	0	4	0	110.51785	171.14545	0.191008977	0.8682458
11	switch	P3	1.3157485	1	4	0	110.51785	171.14545	0.191008977	0.8682458
11	No-switch	PZ	0.9607895	0	4	1	110.51785	171.14545	0.191008977	0.8682458
11	switch	PZ	1.9348025	1	4	1	110.51785	171.14545	0.191008977	0.8682458
11	No-switch	P4	0.635678	0	4	2	110.51785	171.14545	0.191008977	0.8682458
11	switch	P4	1.5620595	1	4	2	110.51785	171.14545	0.191008977	0.8682458
14	No-switch	F3	0.4422025	0	0	0	95.75085	136.67945	0.2124844	0.8561086
14	switch	F3	3.731116	1	0	0	95.75085	136.67945	0.2124844	0.8561086
14	No-switch	FZ	0.2091005	0	0	1	95.75085	136.67945	0.2124844	0.8561086
14	switch	FZ	3.25059	1	0	1	95.75085	136.67945	0.2124844	0.8561086
14	No-switch	F4	-0.227983	0	0	2	95.75085	136.67945	0.2124844	0.8561086
14	switch	F4	2.5449525	1	0	2	95.75085	136.67945	0.2124844	0.8561086
14	No-switch	FC3	4.41357	0	1	0	95.75085	136.67945	0.2124844	0.8561086
14	switch	FC3	7.150903	1	1	0	95.75085	136.67945	0.2124844	0.8561086
14	No-switch	FCZ	5.980823	0	1	1	95.75085	136.67945	0.2124844	0.8561086
14	switch	FCZ	8.5655825	1	1	1	95.75085	136.67945	0.2124844	0.8561086
14	No-switch	FC4	2.761406	0	1	2	95.75085	136.67945	0.2124844	0.8561086
14	switch	FC4	4.871681	1	1	2	95.75085	136.67945	0.2124844	0.8561086
14	No-switch	C3	8.589925	0	2	0	95.75085	136.67945	0.2124844	0.8561086
14	switch	C3	10.539641	1	2	0	95.75085	136.67945	0.2124844	0.8561086
14	No-switch	CZ	9.603351	0	2	1	95.75085	136.67945	0.2124844	0.8561086
14	switch	CZ	11.6181595	1	2	1	95.75085	136.67945	0.2124844	0.8561086
14	No-switch	C4	4.954534	0	2	2	95.75085	136.67945	0.2124844	0.8561086
14	switch	C4	6.494159	1	2	2	95.75085	136.67945	0.2124844	0.8561086
14	No-switch	CP3	10.727464	0	3	0	95.75085	136.67945	0.2124844	0.8561086
14	switch	CP3	12.543172	1	3	0	95.75085	136.67945	0.2124844	0.8561086
14	No-switch	CPZ	12.2679145	0	3	1	95.75085	136.67945	0.2124844	0.8561086
14	switch	CPZ	13.6606445	1	3	1	95.75085	136.67945	0.2124844	0.8561086
14	No-switch	CP4	7.278694	0	3	2	95.75085	136.67945	0.2124844	0.8561086
14	switch	CP4	8.551823	1	3	2	95.75085	136.67945	0.2124844	0.8561086
14	No-switch	P3	12.698935	0	4	0	95.75085	136.67945	0.2124844	0.8561086
14	switch	P3	13.767439	1	4	0	95.75085	136.67945	0.2124844	0.8561086
14	No-switch	PZ	13.958222	0	4	1	95.75085	136.67945	0.2124844	0.8561086
14	switch	PZ	14.8918995	1	4	1	95.75085	136.67945	0.2124844	0.8561086
14	No-switch	P4	10.211242	0	4	2	95.75085	136.67945	0.2124844	0.8561086
14	switch	P4	11.0970445	1	4	2	95.75085	136.67945	0.2124844	0.8561086
15	No-switch	F3	1.623104	0	0	0	178.5134	272.1544	0.352636666	0.9790621
15	switch	F3	2.555562	1	0	0	178.5134	272.1544	0.352636666	0.9790621
15	No-switch	FZ	-0.0292505	0	0	1	178.5134	272.1544	0.352636666	0.9790621
15	switch	FZ	2.0868825	1	0	1	178.5134	272.1544	0.352636666	0.9790621
15	No-switch	F4	2.5524865	0	0	2	178.5134	272.1544	0.352636666	0.9790621
15	switch	F4	3.9757185	1	0	2	178.5134	272.1544	0.352636666	0.9790621
15	No-switch	FC3	5.354366	0	1	0	178.5134	272.1544	0.352636666	0.9790621
15	switch	FC3	5.1449695	1	1	0	178.5134	272.1544	0.352636666	0.9790621
15	No-switch	FCZ	2.673855	0	1	1	178.5134	272.1544	0.352636666	0.9790621
15	switch	FCZ	4.6026165	1	1	1	178.5134	272.1544	0.352636666	0.9790621
15	No-switch	FC4	4.989785	0	1	2	178.5134	272.1544	0.352636666	0.9790621
15	switch	FC4	6.3368335	1	1	2	178.5134	272.1544	0.352636666	0.9790621
15	No-switch	C3	7.673638	0	2	0	178.5134	272.1544	0.352636666	0.9790621
15	switch	C3	6.6552535	1	2	0	178.5134	272.1544	0.352636666	0.9790621
15	No-switch	CZ	4.921346	0	2	1	178.5134	272.1544	0.352636666	0.9790621
15	switch	CZ	5.478138	1	2	1	178.5134	272.1544	0.352636666	0.9790621
15	No-switch	C4	5.5146345	0	2	2	178.5134	272.1544	0.352636666	0.9790621
15	switch	C4	6.847517	1	2	2	178.5134	272.1544	0.352636666	0.9790621
15	No-switch	CP3	7.689353	0	3	0	178.5134	272.1544	0.352636666	0.9790621
15	switch	CP3	6.662819	1	3	0	178.5134	272.1544	0.352636666	0.9790621
15	No-switch	CPZ	6.473655	0	3	1	178.5134	272.1544	0.352636666	0.9790621
15	switch	CPZ	6.7251355	1	3	1	178.5134	272.1544	0.352636666	0.9790621
15	No-switch	CP4	6.604779	0	3	2	178.5134	272.1544	0.352636666	0.9790621
15	switch	CP4	7.4155345	1	3	2	178.5134	272.1544	0.352636666	0.9790621
15	No-switch	P3	7.461531	0	4	0	178.5134	272.1544	0.352636666	0.9790621
15	switch	P3	6.9274235	1	4	0	178.5134	272.1544	0.352636666	0.9790621
15	No-switch	PZ	6.720044	0	4	1	178.5134	272.1544	0.352636666	0.9790621
15	switch	PZ	6.10027	1	4	1	178.5134	272.1544	0.352636666	0.9790621
15	No-switch	P4	7.072456	0	4	2	178.5134	272.1544	0.352636666	0.9790621
15	switch	P4	7.507066	1	4	2	178.5134	272.1544	0.352636666	0.9790621
16	No-switch	F3	3.1172125	0	0	0	85.20345	76.26035	0.118391912	0.4104777
16	switch	F3	3.383199	1	0	0	85.20345	76.26035	0.118391912	0.4104777
16	No-switch	FZ	1.4033535	0	0	1	85.20345	76.26035	0.118391912	0.4104777
16	switch	FZ	1.4163265	1	0	1	85.20345	76.26035	0.118391912	0.4104777
16	No-switch	F4	0.156471	0	0	2	85.20345	76.26035	0.118391912	0.4104777
16	switch	F4	0.9841335	1	0	2	85.20345	76.26035	0.118391912	0.4104777
16	No-switch	FC3	6.5300155	0	1	0	85.20345	76.26035	0.118391912	0.4104777
16	switch	FC3	6.261203	1	1	0	85.20345	76.26035	0.118391912	0.4104777
16	No-switch	FCZ	4.468581	0	1	1	85.20345	76.26035	0.118391912	0.4104777
16	switch	FCZ	3.8609855	1	1	1	85.20345	76.26035	0.118391912	0.4104777
16	No-switch	FC4	2.7693215	0	1	2	85.20345	76.26035	0.118391912	0.4104777
16	switch	FC4	3.5343815	1	1	2	85.20345	76.26035	0.118391912	0.4104777
16	No-switch	C3	9.407804	0	2	0	85.20345	76.26035	0.118391912	0.4104777
16	switch	C3	8.0109545	1	2	0	85.20345	76.26035	0.118391912	0.4104777
16	No-switch	CZ	8.20836	0	2	1	85.20345	76.26035	0.118391912	0.4104777
16	switch	CZ	6.2279635	1	2	1	85.20345	76.26035	0.118391912	0.4104777
16	No-switch	C4	5.323377	0	2	2	85.20345	76.26035	0.118391912	0.4104777
16	switch	C4	5.478462	1	2	2	85.20345	76.26035	0.118391912	0.4104777
16	No-switch	CP3	10.395996	0	3	0	85.20345	76.26035	0.118391912	0.4104777
16	switch	CP3	8.47918	1	3	0	85.20345	76.26035	0.118391912	0.4104777
16	No-switch	CPZ	9.278982	0	3	1	85.20345	76.26035	0.118391912	0.4104777
16	switch	CPZ	6.63357	1	3	1	85.20345	76.26035	0.118391912	0.4104777
16	No-switch	CP4	7.171694	0	3	2	85.20345	76.26035	0.118391912	0.4104777
16	switch	CP4	6.9029155	1	3	2	85.20345	76.26035	0.118391912	0.4104777
16	No-switch	P3	10.9816845	0	4	0	85.20345	76.26035	0.118391912	0.4104777
16	switch	P3	9.447035	1	4	0	85.20345	76.26035	0.118391912	0.4104777
16	No-switch	PZ	11.7785945	0	4	1	85.20345	76.26035	0.118391912	0.4104777
16	switch	PZ	9.12942	1	4	1	85.20345	76.26035	0.118391912	0.4104777
16	No-switch	P4	8.3332865	0	4	2	85.20345	76.26035	0.118391912	0.4104777
16	switch	P4	8.051478	1	4	2	85.20345	76.26035	0.118391912	0.4104777
17	No-switch	F3	0.7471265	0	0	0	90.6187	166.3049	0.201957656	0.4653102
17	switch	F3	1.0449125	1	0	0	90.6187	166.3049	0.201957656	0.4653102
17	No-switch	FZ	0.604055	0	0	1	90.6187	166.3049	0.201957656	0.4653102
17	switch	FZ	-1.0359985	1	0	1	90.6187	166.3049	0.201957656	0.4653102
17	No-switch	F4	0.4808575	0	0	2	90.6187	166.3049	0.201957656	0.4653102
17	switch	F4	0.318804	1	0	2	90.6187	166.3049	0.201957656	0.4653102
17	No-switch	FC3	2.773491	0	1	0	90.6187	166.3049	0.201957656	0.4653102
17	switch	FC3	2.7820635	1	1	0	90.6187	166.3049	0.201957656	0.4653102
17	No-switch	FCZ	2.657189	0	1	1	90.6187	166.3049	0.201957656	0.4653102
17	switch	FCZ	2.7035175	1	1	1	90.6187	166.3049	0.201957656	0.4653102
17	No-switch	FC4	3.7791475	0	1	2	90.6187	166.3049	0.201957656	0.4653102
17	switch	FC4	3.553372	1	1	2	90.6187	166.3049	0.201957656	0.4653102
17	No-switch	C3	5.0053275	0	2	0	90.6187	166.3049	0.201957656	0.4653102
17	switch	C3	5.824875	1	2	0	90.6187	166.3049	0.201957656	0.4653102
17	No-switch	CZ	5.7674755	0	2	1	90.6187	166.3049	0.201957656	0.4653102
17	switch	CZ	6.1250635	1	2	1	90.6187	166.3049	0.201957656	0.4653102
17	No-switch	C4	6.1168515	0	2	2	90.6187	166.3049	0.201957656	0.4653102
17	switch	C4	6.248429	1	2	2	90.6187	166.3049	0.201957656	0.4653102
17	No-switch	CP3	7.4310575	0	3	0	90.6187	166.3049	0.201957656	0.4653102
17	switch	CP3	8.575318	1	3	0	90.6187	166.3049	0.201957656	0.4653102
17	No-switch	CPZ	9.2557375	0	3	1	90.6187	166.3049	0.201957656	0.4653102
17	switch	CPZ	10.089237	1	3	1	90.6187	166.3049	0.201957656	0.4653102
17	No-switch	CP4	9.011109	0	3	2	90.6187	166.3049	0.201957656	0.4653102
17	switch	CP4	9.2184255	1	3	2	90.6187	166.3049	0.201957656	0.4653102
17	No-switch	P3	8.022423	0	4	0	90.6187	166.3049	0.201957656	0.4653102
17	switch	P3	9.624437	1	4	0	90.6187	166.3049	0.201957656	0.4653102
17	No-switch	PZ	9.729953	0	4	1	90.6187	166.3049	0.201957656	0.4653102
17	switch	PZ	10.121987	1	4	1	90.6187	166.3049	0.201957656	0.4653102
17	No-switch	P4	9.557598	0	4	2	90.6187	166.3049	0.201957656	0.4653102
17	switch	P4	10.5469315	1	4	2	90.6187	166.3049	0.201957656	0.4653102
18	No-switch	F3	1.025083	0	0	0	104.48385	171.91755	0.339510756	0.7766918
18	switch	F3	1.2661315	1	0	0	104.48385	171.91755	0.339510756	0.7766918
18	No-switch	FZ	1.069926	0	0	1	104.48385	171.91755	0.339510756	0.7766918
18	switch	FZ	-0.7589335	1	0	1	104.48385	171.91755	0.339510756	0.7766918
18	No-switch	F4	0.8598055	0	0	2	104.48385	171.91755	0.339510756	0.7766918
18	switch	F4	0.8701425	1	0	2	104.48385	171.91755	0.339510756	0.7766918
18	No-switch	FC3	3.1737895	0	1	0	104.48385	171.91755	0.339510756	0.7766918
18	switch	FC3	3.028607	1	1	0	104.48385	171.91755	0.339510756	0.7766918
18	No-switch	FCZ	3.202353	0	1	1	104.48385	171.91755	0.339510756	0.7766918
18	switch	FCZ	3.1751095	1	1	1	104.48385	171.91755	0.339510756	0.7766918
18	No-switch	FC4	4.0550695	0	1	2	104.48385	171.91755	0.339510756	0.7766918
18	switch	FC4	3.9989455	1	1	2	104.48385	171.91755	0.339510756	0.7766918
18	No-switch	C3	5.4130525	0	2	0	104.48385	171.91755	0.339510756	0.7766918
18	switch	C3	6.048162	1	2	0	104.48385	171.91755	0.339510756	0.7766918
18	No-switch	CZ	6.201378	0	2	1	104.48385	171.91755	0.339510756	0.7766918
18	switch	CZ	6.7485775	1	2	1	104.48385	171.91755	0.339510756	0.7766918
18	No-switch	C4	6.3156055	0	2	2	104.48385	171.91755	0.339510756	0.7766918
18	switch	C4	7.196043	1	2	2	104.48385	171.91755	0.339510756	0.7766918
18	No-switch	CP3	7.783103	0	3	0	104.48385	171.91755	0.339510756	0.7766918
18	switch	CP3	9.0869375	1	3	0	104.48385	171.91755	0.339510756	0.7766918
18	No-switch	CPZ	9.5730175	0	3	1	104.48385	171.91755	0.339510756	0.7766918
18	switch	CPZ	10.693779	1	3	1	104.48385	171.91755	0.339510756	0.7766918
18	No-switch	CP4	9.3056305	0	3	2	104.48385	171.91755	0.339510756	0.7766918
18	switch	CP4	9.915464	1	3	2	104.48385	171.91755	0.339510756	0.7766918
18	No-switch	P3	8.622328	0	4	0	104.48385	171.91755	0.339510756	0.7766918
18	switch	P3	9.9290465	1	4	0	104.48385	171.91755	0.339510756	0.7766918
18	No-switch	PZ	10.1930915	0	4	1	104.48385	171.91755	0.339510756	0.7766918
18	switch	PZ	10.5800595	1	4	1	104.48385	171.91755	0.339510756	0.7766918
18	No-switch	P4	9.891337	0	4	2	104.48385	171.91755	0.339510756	0.7766918
18	switch	P4	11.116802	1	4	2	104.48385	171.91755	0.339510756	0.7766918
19	No-switch	F3	-3.4102425	0	0	0	119.28485	296.70625	0.368080928	0.9987122
19	switch	F3	-3.672246	1	0	0	119.28485	296.70625	0.368080928	0.9987122
19	No-switch	FZ	-3.2652615	0	0	1	119.28485	296.70625	0.368080928	0.9987122
19	switch	FZ	-3.472067	1	0	1	119.28485	296.70625	0.368080928	0.9987122
19	No-switch	F4	-2.967481	0	0	2	119.28485	296.70625	0.368080928	0.9987122
19	switch	F4	-3.0166305	1	0	2	119.28485	296.70625	0.368080928	0.9987122
19	No-switch	FC3	-2.8708105	0	1	0	119.28485	296.70625	0.368080928	0.9987122
19	switch	FC3	-3.286846	1	1	0	119.28485	296.70625	0.368080928	0.9987122
19	No-switch	FCZ	-3.004792	0	1	1	119.28485	296.70625	0.368080928	0.9987122
19	switch	FCZ	-3.193219	1	1	1	119.28485	296.70625	0.368080928	0.9987122
19	No-switch	FC4	-2.303987	0	1	2	119.28485	296.70625	0.368080928	0.9987122
19	switch	FC4	-2.5618985	1	1	2	119.28485	296.70625	0.368080928	0.9987122
19	No-switch	C3	-2.1904085	0	2	0	119.28485	296.70625	0.368080928	0.9987122
19	switch	C3	-2.5873325	1	2	0	119.28485	296.70625	0.368080928	0.9987122
19	No-switch	CZ	-2.5659075	0	2	1	119.28485	296.70625	0.368080928	0.9987122
19	switch	CZ	-3.0288405	1	2	1	119.28485	296.70625	0.368080928	0.9987122
19	No-switch	C4	-1.1674965	0	2	2	119.28485	296.70625	0.368080928	0.9987122
19	switch	C4	-1.824463	1	2	2	119.28485	296.70625	0.368080928	0.9987122
19	No-switch	CP3	-1.933491	0	3	0	119.28485	296.70625	0.368080928	0.9987122
19	switch	CP3	-2.2336735	1	3	0	119.28485	296.70625	0.368080928	0.9987122
19	No-switch	CPZ	-1.996953	0	3	1	119.28485	296.70625	0.368080928	0.9987122
19	switch	CPZ	-2.647178	1	3	1	119.28485	296.70625	0.368080928	0.9987122
19	No-switch	CP4	-0.2833075	0	3	2	119.28485	296.70625	0.368080928	0.9987122
19	switch	CP4	-1.1463515	1	3	2	119.28485	296.70625	0.368080928	0.9987122
19	No-switch	P3	-0.896447	0	4	0	119.28485	296.70625	0.368080928	0.9987122
19	switch	P3	-1.3690115	1	4	0	119.28485	296.70625	0.368080928	0.9987122
19	No-switch	PZ	-1.613325	0	4	1	119.28485	296.70625	0.368080928	0.9987122
19	switch	PZ	-2.292738	1	4	1	119.28485	296.70625	0.368080928	0.9987122
19	No-switch	P4	0.0847275	0	4	2	119.28485	296.70625	0.368080928	0.9987122
19	switch	P4	-0.605986	1	4	2	119.28485	296.70625	0.368080928	0.9987122
20	No-switch	F3	-4.159662	0	0	0	174.16775	428.03955	0.372626588	0.929436
20	switch	F3	-4.66041	1	0	0	174.16775	428.03955	0.372626588	0.929436
20	No-switch	FZ	-6.447923	0	0	1	174.16775	428.03955	0.372626588	0.929436
20	switch	FZ	-6.3772835	1	0	1	174.16775	428.03955	0.372626588	0.929436
20	No-switch	F4	-3.4672435	0	0	2	174.16775	428.03955	0.372626588	0.929436
20	switch	F4	-4.2087525	1	0	2	174.16775	428.03955	0.372626588	0.929436
20	No-switch	FC3	-2.32756	0	1	0	174.16775	428.03955	0.372626588	0.929436
20	switch	FC3	-2.5354585	1	1	0	174.16775	428.03955	0.372626588	0.929436
20	No-switch	FCZ	-6.5243825	0	1	1	174.16775	428.03955	0.372626588	0.929436
20	switch	FCZ	-5.7148255	1	1	1	174.16775	428.03955	0.372626588	0.929436
20	No-switch	FC4	-3.609007	0	1	2	174.16775	428.03955	0.372626588	0.929436
20	switch	FC4	-3.2332825	1	1	2	174.16775	428.03955	0.372626588	0.929436
20	No-switch	C3	-0.6504745	0	2	0	174.16775	428.03955	0.372626588	0.929436
20	switch	C3	-0.393788	1	2	0	174.16775	428.03955	0.372626588	0.929436
20	No-switch	CZ	-3.148295	0	2	1	174.16775	428.03955	0.372626588	0.929436
20	switch	CZ	-1.963193	1	2	1	174.16775	428.03955	0.372626588	0.929436
20	No-switch	C4	-3.742505	0	2	2	174.16775	428.03955	0.372626588	0.929436
20	switch	C4	-2.8995985	1	2	2	174.16775	428.03955	0.372626588	0.929436
20	No-switch	CP3	0.110342	0	3	0	174.16775	428.03955	0.372626588	0.929436
20	switch	CP3	0.9661625	1	3	0	174.16775	428.03955	0.372626588	0.929436
20	No-switch	CPZ	-0.856093	0	3	1	174.16775	428.03955	0.372626588	0.929436
20	switch	CPZ	0.803012	1	3	1	174.16775	428.03955	0.372626588	0.929436
20	No-switch	CP4	-2.425826	0	3	2	174.16775	428.03955	0.372626588	0.929436
20	switch	CP4	-0.946292	1	3	2	174.16775	428.03955	0.372626588	0.929436
20	No-switch	P3	2.0494785	0	4	0	174.16775	428.03955	0.372626588	0.929436
20	switch	P3	3.619512	1	4	0	174.16775	428.03955	0.372626588	0.929436
20	No-switch	PZ	0.809989	0	4	1	174.16775	428.03955	0.372626588	0.929436
20	switch	PZ	2.9209885	1	4	1	174.16775	428.03955	0.372626588	0.929436
20	No-switch	P4	-0.907583	0	4	2	174.16775	428.03955	0.372626588	0.929436
20	switch	P4	1.1306145	1	4	2	174.16775	428.03955	0.372626588	0.929436
21	No-switch	F3	2.1156545	0	0	0	27.3757	207.728	0.290244915	0.9953427
21	switch	F3	1.81435	1	0	0	27.3757	207.728	0.290244915	0.9953427
21	No-switch	FZ	2.4833395	0	0	1	27.3757	207.728	0.290244915	0.9953427
21	switch	FZ	3.019061	1	0	1	27.3757	207.728	0.290244915	0.9953427
21	No-switch	F4	2.2437685	0	0	2	27.3757	207.728	0.290244915	0.9953427
21	switch	F4	3.127789	1	0	2	27.3757	207.728	0.290244915	0.9953427
21	No-switch	FC3	2.82274	0	1	0	27.3757	207.728	0.290244915	0.9953427
21	switch	FC3	2.589957	1	1	0	27.3757	207.728	0.290244915	0.9953427
21	No-switch	FCZ	2.9125485	0	1	1	27.3757	207.728	0.290244915	0.9953427
21	switch	FCZ	3.279384	1	1	1	27.3757	207.728	0.290244915	0.9953427
21	No-switch	FC4	3.0267185	0	1	2	27.3757	207.728	0.290244915	0.9953427
21	switch	FC4	3.612891	1	1	2	27.3757	207.728	0.290244915	0.9953427
21	No-switch	C3	3.167733	0	2	0	27.3757	207.728	0.290244915	0.9953427
21	switch	C3	3.3944345	1	2	0	27.3757	207.728	0.290244915	0.9953427
21	No-switch	CZ	3.126081	0	2	1	27.3757	207.728	0.290244915	0.9953427
21	switch	CZ	3.707562	1	2	1	27.3757	207.728	0.290244915	0.9953427
21	No-switch	C4	2.9091295	0	2	2	27.3757	207.728	0.290244915	0.9953427
21	switch	C4	3.6351155	1	2	2	27.3757	207.728	0.290244915	0.9953427
21	No-switch	CP3	3.119838	0	3	0	27.3757	207.728	0.290244915	0.9953427
21	switch	CP3	3.565475	1	3	0	27.3757	207.728	0.290244915	0.9953427
21	No-switch	CPZ	2.457903	0	3	1	27.3757	207.728	0.290244915	0.9953427
21	switch	CPZ	2.9495055	1	3	1	27.3757	207.728	0.290244915	0.9953427
21	No-switch	CP4	3.176798	0	3	2	27.3757	207.728	0.290244915	0.9953427
21	switch	CP4	3.617387	1	3	2	27.3757	207.728	0.290244915	0.9953427
21	No-switch	P3	3.463346	0	4	0	27.3757	207.728	0.290244915	0.9953427
21	switch	P3	3.63394	1	4	0	27.3757	207.728	0.290244915	0.9953427
21	No-switch	PZ	1.7667485	0	4	1	27.3757	207.728	0.290244915	0.9953427
21	switch	PZ	2.478596	1	4	1	27.3757	207.728	0.290244915	0.9953427
21	No-switch	P4	2.9668865	0	4	2	27.3757	207.728	0.290244915	0.9953427
21	switch	P4	3.1984305	1	4	2	27.3757	207.728	0.290244915	0.9953427
22	No-switch	F3	1.8480835	0	0	0	260.03565	266.43035	0.264625344	0.6954895
22	switch	F3	3.44309	1	0	0	260.03565	266.43035	0.264625344	0.6954895
22	No-switch	FZ	0.9426885	0	0	1	260.03565	266.43035	0.264625344	0.6954895
22	switch	FZ	3.0203905	1	0	1	260.03565	266.43035	0.264625344	0.6954895
22	No-switch	F4	1.289741	0	0	2	260.03565	266.43035	0.264625344	0.6954895
22	switch	F4	3.2483775	1	0	2	260.03565	266.43035	0.264625344	0.6954895
22	No-switch	FC3	1.159993	0	1	0	260.03565	266.43035	0.264625344	0.6954895
22	switch	FC3	3.2819295	1	1	0	260.03565	266.43035	0.264625344	0.6954895
22	No-switch	FCZ	0.491651	0	1	1	260.03565	266.43035	0.264625344	0.6954895
22	switch	FCZ	2.768819	1	1	1	260.03565	266.43035	0.264625344	0.6954895
22	No-switch	FC4	1.077024	0	1	2	260.03565	266.43035	0.264625344	0.6954895
22	switch	FC4	2.64905	1	1	2	260.03565	266.43035	0.264625344	0.6954895
22	No-switch	C3	0.8663465	0	2	0	260.03565	266.43035	0.264625344	0.6954895
22	switch	C3	2.97512	1	2	0	260.03565	266.43035	0.264625344	0.6954895
22	No-switch	CZ	1.283986	0	2	1	260.03565	266.43035	0.264625344	0.6954895
22	switch	CZ	2.9883535	1	2	1	260.03565	266.43035	0.264625344	0.6954895
22	No-switch	C4	1.1767525	0	2	2	260.03565	266.43035	0.264625344	0.6954895
22	switch	C4	2.5245645	1	2	2	260.03565	266.43035	0.264625344	0.6954895
22	No-switch	CP3	1.356712	0	3	0	260.03565	266.43035	0.264625344	0.6954895
22	switch	CP3	3.123177	1	3	0	260.03565	266.43035	0.264625344	0.6954895
22	No-switch	CPZ	1.3210205	0	3	1	260.03565	266.43035	0.264625344	0.6954895
22	switch	CPZ	2.9173075	1	3	1	260.03565	266.43035	0.264625344	0.6954895
22	No-switch	CP4	2.0848465	0	3	2	260.03565	266.43035	0.264625344	0.6954895
22	switch	CP4	3.501515	1	3	2	260.03565	266.43035	0.264625344	0.6954895
22	No-switch	P3	2.112894	0	4	0	260.03565	266.43035	0.264625344	0.6954895
22	switch	P3	4.0211635	1	4	0	260.03565	266.43035	0.264625344	0.6954895
22	No-switch	PZ	1.9852415	0	4	1	260.03565	266.43035	0.264625344	0.6954895
22	switch	PZ	3.9928975	1	4	1	260.03565	266.43035	0.264625344	0.6954895
22	No-switch	P4	2.71563	0	4	2	260.03565	266.43035	0.264625344	0.6954895
22	switch	P4	4.2447615	1	4	2	260.03565	266.43035	0.264625344	0.6954895
23	No-switch	F3	-0.8158365	0	0	0	126.3941	484.2971	0.440401914	1.0011968
23	switch	F3	-0.1245355	1	0	0	126.3941	484.2971	0.440401914	1.0011968
23	No-switch	FZ	-1.825762	0	0	1	126.3941	484.2971	0.440401914	1.0011968
23	switch	FZ	-0.502008	1	0	1	126.3941	484.2971	0.440401914	1.0011968
23	No-switch	F4	-0.909718	0	0	2	126.3941	484.2971	0.440401914	1.0011968
23	switch	F4	0.560216	1	0	2	126.3941	484.2971	0.440401914	1.0011968
23	No-switch	FC3	1.521801	0	1	0	126.3941	484.2971	0.440401914	1.0011968
23	switch	FC3	2.281158	1	1	0	126.3941	484.2971	0.440401914	1.0011968
23	No-switch	FCZ	0.200206	0	1	1	126.3941	484.2971	0.440401914	1.0011968
23	switch	FCZ	1.4653565	1	1	1	126.3941	484.2971	0.440401914	1.0011968
23	No-switch	FC4	1.6573895	0	1	2	126.3941	484.2971	0.440401914	1.0011968
23	switch	FC4	2.939881	1	1	2	126.3941	484.2971	0.440401914	1.0011968
23	No-switch	C3	4.115927	0	2	0	126.3941	484.2971	0.440401914	1.0011968
23	switch	C3	5.1906985	1	2	0	126.3941	484.2971	0.440401914	1.0011968
23	No-switch	CZ	3.1445425	0	2	1	126.3941	484.2971	0.440401914	1.0011968
23	switch	CZ	4.3617555	1	2	1	126.3941	484.2971	0.440401914	1.0011968
23	No-switch	C4	3.6782065	0	2	2	126.3941	484.2971	0.440401914	1.0011968
23	switch	C4	4.6041765	1	2	2	126.3941	484.2971	0.440401914	1.0011968
23	No-switch	CP3	5.263425	0	3	0	126.3941	484.2971	0.440401914	1.0011968
23	switch	CP3	6.716261	1	3	0	126.3941	484.2971	0.440401914	1.0011968
23	No-switch	CPZ	5.964332	0	3	1	126.3941	484.2971	0.440401914	1.0011968
23	switch	CPZ	7.242998	1	3	1	126.3941	484.2971	0.440401914	1.0011968
23	No-switch	CP4	4.898032	0	3	2	126.3941	484.2971	0.440401914	1.0011968
23	switch	CP4	5.686217	1	3	2	126.3941	484.2971	0.440401914	1.0011968
23	No-switch	P3	6.256212	0	4	0	126.3941	484.2971	0.440401914	1.0011968
23	switch	P3	7.250661	1	4	0	126.3941	484.2971	0.440401914	1.0011968
23	No-switch	PZ	7.126164	0	4	1	126.3941	484.2971	0.440401914	1.0011968
23	switch	PZ	8.591125	1	4	1	126.3941	484.2971	0.440401914	1.0011968
23	No-switch	P4	5.4175585	0	4	2	126.3941	484.2971	0.440401914	1.0011968
23	switch	P4	6.429966	1	4	2	126.3941	484.2971	0.440401914	1.0011968
24	No-switch	F3	-1.1531875	0	0	0	280.3165	588.6559	0.443441208	0.6393342
24	switch	F3	-0.3055985	1	0	0	280.3165	588.6559	0.443441208	0.6393342
24	No-switch	FZ	-2.207826	0	0	1	280.3165	588.6559	0.443441208	0.6393342
24	switch	FZ	-0.310706	1	0	1	280.3165	588.6559	0.443441208	0.6393342
24	No-switch	F4	0.228393	0	0	2	280.3165	588.6559	0.443441208	0.6393342
24	switch	F4	0.791053	1	0	2	280.3165	588.6559	0.443441208	0.6393342
24	No-switch	FC3	-1.535543	0	1	0	280.3165	588.6559	0.443441208	0.6393342
24	switch	FC3	-0.611048	1	1	0	280.3165	588.6559	0.443441208	0.6393342
24	No-switch	FCZ	-2.7375775	0	1	1	280.3165	588.6559	0.443441208	0.6393342
24	switch	FCZ	-0.8766345	1	1	1	280.3165	588.6559	0.443441208	0.6393342
24	No-switch	FC4	-0.090819	0	1	2	280.3165	588.6559	0.443441208	0.6393342
24	switch	FC4	0.621743	1	1	2	280.3165	588.6559	0.443441208	0.6393342
24	No-switch	C3	-1.8046445	0	2	0	280.3165	588.6559	0.443441208	0.6393342
24	switch	C3	-0.38581	1	2	0	280.3165	588.6559	0.443441208	0.6393342
24	No-switch	CZ	-2.251841	0	2	1	280.3165	588.6559	0.443441208	0.6393342
24	switch	CZ	-0.501287	1	2	1	280.3165	588.6559	0.443441208	0.6393342
24	No-switch	C4	-0.61901	0	2	2	280.3165	588.6559	0.443441208	0.6393342
24	switch	C4	0.804507	1	2	2	280.3165	588.6559	0.443441208	0.6393342
24	No-switch	CP3	-1.268101	0	3	0	280.3165	588.6559	0.443441208	0.6393342
24	switch	CP3	0.891578	1	3	0	280.3165	588.6559	0.443441208	0.6393342
24	No-switch	CPZ	-1.139917	0	3	1	280.3165	588.6559	0.443441208	0.6393342
24	switch	CPZ	0.719241	1	3	1	280.3165	588.6559	0.443441208	0.6393342
24	No-switch	CP4	0.832621	0	3	2	280.3165	588.6559	0.443441208	0.6393342
24	switch	CP4	2.969108	1	3	2	280.3165	588.6559	0.443441208	0.6393342
24	No-switch	P3	0.41698	0	4	0	280.3165	588.6559	0.443441208	0.6393342
24	switch	P3	2.412469	1	4	0	280.3165	588.6559	0.443441208	0.6393342
24	No-switch	PZ	0.4427535	0	4	1	280.3165	588.6559	0.443441208	0.6393342
24	switch	PZ	2.758315	1	4	1	280.3165	588.6559	0.443441208	0.6393342
24	No-switch	P4	2.6707345	0	4	2	280.3165	588.6559	0.443441208	0.6393342
24	switch	P4	4.7666735	1	4	2	280.3165	588.6559	0.443441208	0.6393342
25	No-switch	F3	-0.3202655	0	0	0	207.72355	247.66335	0.257008905	0.5051649
25	switch	F3	2.580998	1	0	0	207.72355	247.66335	0.257008905	0.5051649
25	No-switch	FZ	-0.367811	0	0	1	207.72355	247.66335	0.257008905	0.5051649
25	switch	FZ	2.4780545	1	0	1	207.72355	247.66335	0.257008905	0.5051649
25	No-switch	F4	-0.3494865	0	0	2	207.72355	247.66335	0.257008905	0.5051649
25	switch	F4	2.7136465	1	0	2	207.72355	247.66335	0.257008905	0.5051649
25	No-switch	FC3	0.412262	0	1	0	207.72355	247.66335	0.257008905	0.5051649
25	switch	FC3	2.9679045	1	1	0	207.72355	247.66335	0.257008905	0.5051649
25	No-switch	FCZ	0.207135	0	1	1	207.72355	247.66335	0.257008905	0.5051649
25	switch	FCZ	2.6124675	1	1	1	207.72355	247.66335	0.257008905	0.5051649
25	No-switch	FC4	0.537013	0	1	2	207.72355	247.66335	0.257008905	0.5051649
25	switch	FC4	3.0523185	1	1	2	207.72355	247.66335	0.257008905	0.5051649
25	No-switch	C3	0.719484	0	2	0	207.72355	247.66335	0.257008905	0.5051649
25	switch	C3	2.6612645	1	2	0	207.72355	247.66335	0.257008905	0.5051649
25	No-switch	CZ	0.3327515	0	2	1	207.72355	247.66335	0.257008905	0.5051649
25	switch	CZ	2.264209	1	2	1	207.72355	247.66335	0.257008905	0.5051649
25	No-switch	C4	1.0212585	0	2	2	207.72355	247.66335	0.257008905	0.5051649
25	switch	C4	3.0002865	1	2	2	207.72355	247.66335	0.257008905	0.5051649
25	No-switch	CP3	1.250368	0	3	0	207.72355	247.66335	0.257008905	0.5051649
25	switch	CP3	2.9640825	1	3	0	207.72355	247.66335	0.257008905	0.5051649
25	No-switch	CPZ	0.4486985	0	3	1	207.72355	247.66335	0.257008905	0.5051649
25	switch	CPZ	1.997217	1	3	1	207.72355	247.66335	0.257008905	0.5051649
25	No-switch	CP4	1.4936495	0	3	2	207.72355	247.66335	0.257008905	0.5051649
25	switch	CP4	3.194312	1	3	2	207.72355	247.66335	0.257008905	0.5051649
25	No-switch	P3	2.4737445	0	4	0	207.72355	247.66335	0.257008905	0.5051649
25	switch	P3	3.817204	1	4	0	207.72355	247.66335	0.257008905	0.5051649
25	No-switch	PZ	1.4648855	0	4	1	207.72355	247.66335	0.257008905	0.5051649
25	switch	PZ	3.2815925	1	4	1	207.72355	247.66335	0.257008905	0.5051649
25	No-switch	P4	2.570037	0	4	2	207.72355	247.66335	0.257008905	0.5051649
25	switch	P4	3.9151045	1	4	2	207.72355	247.66335	0.257008905	0.5051649
26	No-switch	F3	0.7991525	0	0	0	100.99505	265.30825	0.300283637	0.8486515
26	switch	F3	-1.873401	1	0	0	100.99505	265.30825	0.300283637	0.8486515
26	No-switch	FZ	-1.0359105	0	0	1	100.99505	265.30825	0.300283637	0.8486515
26	switch	FZ	-2.1322955	1	0	1	100.99505	265.30825	0.300283637	0.8486515
26	No-switch	F4	-3.974524	0	0	2	100.99505	265.30825	0.300283637	0.8486515
26	switch	F4	-0.8855565	1	0	2	100.99505	265.30825	0.300283637	0.8486515
26	No-switch	FC3	-0.7740315	0	1	0	100.99505	265.30825	0.300283637	0.8486515
26	switch	FC3	0.5841725	1	1	0	100.99505	265.30825	0.300283637	0.8486515
26	No-switch	FCZ	-1.039055	0	1	1	100.99505	265.30825	0.300283637	0.8486515
26	switch	FCZ	-0.4394225	1	1	1	100.99505	265.30825	0.300283637	0.8486515
26	No-switch	FC4	-2.4686815	0	1	2	100.99505	265.30825	0.300283637	0.8486515
26	switch	FC4	-0.038783	1	1	2	100.99505	265.30825	0.300283637	0.8486515
26	No-switch	C3	0.253176	0	2	0	100.99505	265.30825	0.300283637	0.8486515
26	switch	C3	1.221387	1	2	0	100.99505	265.30825	0.300283637	0.8486515
26	No-switch	CZ	-0.554932	0	2	1	100.99505	265.30825	0.300283637	0.8486515
26	switch	CZ	-0.1641375	1	2	1	100.99505	265.30825	0.300283637	0.8486515
26	No-switch	C4	-3.8977995	0	2	2	100.99505	265.30825	0.300283637	0.8486515
26	switch	C4	0.9199175	1	2	2	100.99505	265.30825	0.300283637	0.8486515
26	No-switch	CP3	0.1155805	0	3	0	100.99505	265.30825	0.300283637	0.8486515
26	switch	CP3	2.111305	1	3	0	100.99505	265.30825	0.300283637	0.8486515
26	No-switch	CPZ	-0.587816	0	3	1	100.99505	265.30825	0.300283637	0.8486515
26	switch	CPZ	0.1615915	1	3	1	100.99505	265.30825	0.300283637	0.8486515
26	No-switch	CP4	-2.351932	0	3	2	100.99505	265.30825	0.300283637	0.8486515
26	switch	CP4	0.5284275	1	3	2	100.99505	265.30825	0.300283637	0.8486515
26	No-switch	P3	2.3632365	0	4	0	100.99505	265.30825	0.300283637	0.8486515
26	switch	P3	2.4012595	1	4	0	100.99505	265.30825	0.300283637	0.8486515
26	No-switch	PZ	-1.841071	0	4	1	100.99505	265.30825	0.300283637	0.8486515
26	switch	PZ	0.5881955	1	4	1	100.99505	265.30825	0.300283637	0.8486515
26	No-switch	P4	-0.5294185	0	4	2	100.99505	265.30825	0.300283637	0.8486515
26	switch	P4	0.303325	1	4	2	100.99505	265.30825	0.300283637	0.8486515
