sub	cell	channel	voltage	incongruency	coronal	sagittal	SC_RT	MC_RT	old_IAT	IAT_2003
5	congruent	F3	-2.6111315	0	0	0	110.8312	152.2565	0.189147433	0.7373759
5	incongruent	F3	-0.0967745	1	0	0	110.8312	152.2565	0.189147433	0.7373759
5	congruent	FZ	-1.822814	0	0	1	110.8312	152.2565	0.189147433	0.7373759
5	incongruent	FZ	0.3036495	1	0	1	110.8312	152.2565	0.189147433	0.7373759
5	congruent	F4	-0.556153	0	0	2	110.8312	152.2565	0.189147433	0.7373759
5	incongruent	F4	1.5300645	1	0	2	110.8312	152.2565	0.189147433	0.7373759
5	congruent	FC3	-0.4439975	0	1	0	110.8312	152.2565	0.189147433	0.7373759
5	incongruent	FC3	0.686212	1	1	0	110.8312	152.2565	0.189147433	0.7373759
5	congruent	FCZ	0.6247635	0	1	1	110.8312	152.2565	0.189147433	0.7373759
5	incongruent	FCZ	2.017658	1	1	1	110.8312	152.2565	0.189147433	0.7373759
5	congruent	FC4	2.7135775	0	1	2	110.8312	152.2565	0.189147433	0.7373759
5	incongruent	FC4	2.1916995	1	1	2	110.8312	152.2565	0.189147433	0.7373759
5	congruent	C3	4.6411155	0	2	0	110.8312	152.2565	0.189147433	0.7373759
5	incongruent	C3	2.9243275	1	2	0	110.8312	152.2565	0.189147433	0.7373759
5	congruent	CZ	8.7157385	0	2	1	110.8312	152.2565	0.189147433	0.7373759
5	incongruent	CZ	4.692089	1	2	1	110.8312	152.2565	0.189147433	0.7373759
5	congruent	C4	6.2664235	0	2	2	110.8312	152.2565	0.189147433	0.7373759
5	incongruent	C4	3.726614	1	2	2	110.8312	152.2565	0.189147433	0.7373759
5	congruent	CP3	8.7780995	0	3	0	110.8312	152.2565	0.189147433	0.7373759
5	incongruent	CP3	5.1203895	1	3	0	110.8312	152.2565	0.189147433	0.7373759
5	congruent	CPZ	14.2020945	0	3	1	110.8312	152.2565	0.189147433	0.7373759
5	incongruent	CPZ	8.508448	1	3	1	110.8312	152.2565	0.189147433	0.7373759
5	congruent	CP4	11.327554	0	3	2	110.8312	152.2565	0.189147433	0.7373759
5	incongruent	CP4	7.2264785	1	3	2	110.8312	152.2565	0.189147433	0.7373759
5	congruent	P3	12.599518	0	4	0	110.8312	152.2565	0.189147433	0.7373759
5	incongruent	P3	7.5057075	1	4	0	110.8312	152.2565	0.189147433	0.7373759
5	congruent	PZ	14.310248	0	4	1	110.8312	152.2565	0.189147433	0.7373759
5	incongruent	PZ	8.599555	1	4	1	110.8312	152.2565	0.189147433	0.7373759
5	congruent	P4	15.575468	0	4	2	110.8312	152.2565	0.189147433	0.7373759
5	incongruent	P4	10.7882805	1	4	2	110.8312	152.2565	0.189147433	0.7373759
6	congruent	F3	-6.526649	0	0	0	58.16555	33.64045	0.02704164	0.1207557
6	incongruent	F3	-2.9562035	1	0	0	58.16555	33.64045	0.02704164	0.1207557
6	congruent	FZ	-8.6128395	0	0	1	58.16555	33.64045	0.02704164	0.1207557
6	incongruent	FZ	-5.5933035	1	0	1	58.16555	33.64045	0.02704164	0.1207557
6	congruent	F4	-7.3928015	0	0	2	58.16555	33.64045	0.02704164	0.1207557
6	incongruent	F4	-4.8633665	1	0	2	58.16555	33.64045	0.02704164	0.1207557
6	congruent	FC3	-2.779879	0	1	0	58.16555	33.64045	0.02704164	0.1207557
6	incongruent	FC3	-0.959735	1	1	0	58.16555	33.64045	0.02704164	0.1207557
6	congruent	FCZ	-5.9965525	0	1	1	58.16555	33.64045	0.02704164	0.1207557
6	incongruent	FCZ	-5.0309075	1	1	1	58.16555	33.64045	0.02704164	0.1207557
6	congruent	FC4	-1.820056	0	1	2	58.16555	33.64045	0.02704164	0.1207557
6	incongruent	FC4	-1.4800475	1	1	2	58.16555	33.64045	0.02704164	0.1207557
6	congruent	C3	4.1693105	0	2	0	58.16555	33.64045	0.02704164	0.1207557
6	incongruent	C3	2.58464	1	2	0	58.16555	33.64045	0.02704164	0.1207557
6	congruent	CZ	2.085027	0	2	1	58.16555	33.64045	0.02704164	0.1207557
6	incongruent	CZ	-0.813248	1	2	1	58.16555	33.64045	0.02704164	0.1207557
6	congruent	C4	3.467089	0	2	2	58.16555	33.64045	0.02704164	0.1207557
6	incongruent	C4	1.637316	1	2	2	58.16555	33.64045	0.02704164	0.1207557
6	congruent	CP3	7.5461585	0	3	0	58.16555	33.64045	0.02704164	0.1207557
6	incongruent	CP3	4.552834	1	3	0	58.16555	33.64045	0.02704164	0.1207557
6	congruent	CPZ	7.4016125	0	3	1	58.16555	33.64045	0.02704164	0.1207557
6	incongruent	CPZ	3.4134395	1	3	1	58.16555	33.64045	0.02704164	0.1207557
6	congruent	CP4	6.9223595	0	3	2	58.16555	33.64045	0.02704164	0.1207557
6	incongruent	CP4	4.9400895	1	3	2	58.16555	33.64045	0.02704164	0.1207557
6	congruent	P3	10.634916	0	4	0	58.16555	33.64045	0.02704164	0.1207557
6	incongruent	P3	8.010349	1	4	0	58.16555	33.64045	0.02704164	0.1207557
6	congruent	PZ	11.3455425	0	4	1	58.16555	33.64045	0.02704164	0.1207557
6	incongruent	PZ	7.931643	1	4	1	58.16555	33.64045	0.02704164	0.1207557
6	congruent	P4	10.5502055	0	4	2	58.16555	33.64045	0.02704164	0.1207557
6	incongruent	P4	8.561244	1	4	2	58.16555	33.64045	0.02704164	0.1207557
7	congruent	F3	-2.972	0	0	0	42.6176	169.9955	0.285930433	1.2286988
7	incongruent	F3	-5.3313705	1	0	0	42.6176	169.9955	0.285930433	1.2286988
7	congruent	FZ	-3.8979925	0	0	1	42.6176	169.9955	0.285930433	1.2286988
7	incongruent	FZ	-6.759015	1	0	1	42.6176	169.9955	0.285930433	1.2286988
7	congruent	F4	-3.915169	0	0	2	42.6176	169.9955	0.285930433	1.2286988
7	incongruent	F4	-6.6619895	1	0	2	42.6176	169.9955	0.285930433	1.2286988
7	congruent	FC3	-0.2327175	0	1	0	42.6176	169.9955	0.285930433	1.2286988
7	incongruent	FC3	-2.90715	1	1	0	42.6176	169.9955	0.285930433	1.2286988
7	congruent	FCZ	-3.1750005	0	1	1	42.6176	169.9955	0.285930433	1.2286988
7	incongruent	FCZ	-5.8052425	1	1	1	42.6176	169.9955	0.285930433	1.2286988
7	congruent	FC4	-0.3903905	0	1	2	42.6176	169.9955	0.285930433	1.2286988
7	incongruent	FC4	-3.5436115	1	1	2	42.6176	169.9955	0.285930433	1.2286988
7	congruent	C3	3.9818455	0	2	0	42.6176	169.9955	0.285930433	1.2286988
7	incongruent	C3	0.6070545	1	2	0	42.6176	169.9955	0.285930433	1.2286988
7	congruent	CZ	1.2311375	0	2	1	42.6176	169.9955	0.285930433	1.2286988
7	incongruent	CZ	-2.984699	1	2	1	42.6176	169.9955	0.285930433	1.2286988
7	congruent	C4	2.746788	0	2	2	42.6176	169.9955	0.285930433	1.2286988
7	incongruent	C4	-1.260822	1	2	2	42.6176	169.9955	0.285930433	1.2286988
7	congruent	CP3	7.002123	0	3	0	42.6176	169.9955	0.285930433	1.2286988
7	incongruent	CP3	3.60842	1	3	0	42.6176	169.9955	0.285930433	1.2286988
7	congruent	CPZ	4.566048	0	3	1	42.6176	169.9955	0.285930433	1.2286988
7	incongruent	CPZ	0.949302	1	3	1	42.6176	169.9955	0.285930433	1.2286988
7	congruent	CP4	7.112184	0	3	2	42.6176	169.9955	0.285930433	1.2286988
7	incongruent	CP4	2.2514375	1	3	2	42.6176	169.9955	0.285930433	1.2286988
7	congruent	P3	9.1681705	0	4	0	42.6176	169.9955	0.285930433	1.2286988
7	incongruent	P3	6.9228075	1	4	0	42.6176	169.9955	0.285930433	1.2286988
7	congruent	PZ	8.198047	0	4	1	42.6176	169.9955	0.285930433	1.2286988
7	incongruent	PZ	5.687896	1	4	1	42.6176	169.9955	0.285930433	1.2286988
7	congruent	P4	9.480125	0	4	2	42.6176	169.9955	0.285930433	1.2286988
7	incongruent	P4	5.2339775	1	4	2	42.6176	169.9955	0.285930433	1.2286988
8	congruent	F3	-10.137528	0	0	0	72.6511	164.5831	0.22150265	0.8665065
8	incongruent	F3	-7.6185585	1	0	0	72.6511	164.5831	0.22150265	0.8665065
8	congruent	FZ	-9.637901	0	0	1	72.6511	164.5831	0.22150265	0.8665065
8	incongruent	FZ	-8.5507595	1	0	1	72.6511	164.5831	0.22150265	0.8665065
8	congruent	F4	-8.6373795	0	0	2	72.6511	164.5831	0.22150265	0.8665065
8	incongruent	F4	-6.9808435	1	0	2	72.6511	164.5831	0.22150265	0.8665065
8	congruent	FC3	-9.156765	0	1	0	72.6511	164.5831	0.22150265	0.8665065
8	incongruent	FC3	-7.006842	1	1	0	72.6511	164.5831	0.22150265	0.8665065
8	congruent	FCZ	-9.6492575	0	1	1	72.6511	164.5831	0.22150265	0.8665065
8	incongruent	FCZ	-8.5631415	1	1	1	72.6511	164.5831	0.22150265	0.8665065
8	congruent	FC4	-5.658205	0	1	2	72.6511	164.5831	0.22150265	0.8665065
8	incongruent	FC4	-4.658186	1	1	2	72.6511	164.5831	0.22150265	0.8665065
8	congruent	C3	-4.7524425	0	2	0	72.6511	164.5831	0.22150265	0.8665065
8	incongruent	C3	-4.1320285	1	2	0	72.6511	164.5831	0.22150265	0.8665065
8	congruent	CZ	-0.609582	0	2	1	72.6511	164.5831	0.22150265	0.8665065
8	incongruent	CZ	-0.8347025	1	2	1	72.6511	164.5831	0.22150265	0.8665065
8	congruent	C4	-1.851234	0	2	2	72.6511	164.5831	0.22150265	0.8665065
8	incongruent	C4	-1.445044	1	2	2	72.6511	164.5831	0.22150265	0.8665065
8	congruent	CP3	-0.870556	0	3	0	72.6511	164.5831	0.22150265	0.8665065
8	incongruent	CP3	-1.236829	1	3	0	72.6511	164.5831	0.22150265	0.8665065
8	congruent	CPZ	-0.6485475	0	3	1	72.6511	164.5831	0.22150265	0.8665065
8	incongruent	CPZ	-0.8201075	1	3	1	72.6511	164.5831	0.22150265	0.8665065
8	congruent	CP4	3.1318825	0	3	2	72.6511	164.5831	0.22150265	0.8665065
8	incongruent	CP4	2.4250375	1	3	2	72.6511	164.5831	0.22150265	0.8665065
8	congruent	P3	4.376441	0	4	0	72.6511	164.5831	0.22150265	0.8665065
8	incongruent	P3	2.6947175	1	4	0	72.6511	164.5831	0.22150265	0.8665065
8	congruent	PZ	-0.5734755	0	4	1	72.6511	164.5831	0.22150265	0.8665065
8	incongruent	PZ	-0.802658	1	4	1	72.6511	164.5831	0.22150265	0.8665065
8	congruent	P4	6.6316585	0	4	2	72.6511	164.5831	0.22150265	0.8665065
8	incongruent	P4	5.111671	1	4	2	72.6511	164.5831	0.22150265	0.8665065
9	congruent	F3	1.175691	0	0	0	181.27775	262.83935	0.127571016	0.7678545
9	incongruent	F3	1.3181155	1	0	0	181.27775	262.83935	0.127571016	0.7678545
9	congruent	FZ	1.249696	0	0	1	181.27775	262.83935	0.127571016	0.7678545
9	incongruent	FZ	1.066808	1	0	1	181.27775	262.83935	0.127571016	0.7678545
9	congruent	F4	1.135828	0	0	2	181.27775	262.83935	0.127571016	0.7678545
9	incongruent	F4	1.490922	1	0	2	181.27775	262.83935	0.127571016	0.7678545
9	congruent	FC3	2.068759	0	1	0	181.27775	262.83935	0.127571016	0.7678545
9	incongruent	FC3	1.5805555	1	1	0	181.27775	262.83935	0.127571016	0.7678545
9	congruent	FCZ	1.89515	0	1	1	181.27775	262.83935	0.127571016	0.7678545
9	incongruent	FCZ	1.0020585	1	1	1	181.27775	262.83935	0.127571016	0.7678545
9	congruent	FC4	1.848608	0	1	2	181.27775	262.83935	0.127571016	0.7678545
9	incongruent	FC4	1.929402	1	1	2	181.27775	262.83935	0.127571016	0.7678545
9	congruent	C3	2.3712445	0	2	0	181.27775	262.83935	0.127571016	0.7678545
9	incongruent	C3	1.146916	1	2	0	181.27775	262.83935	0.127571016	0.7678545
9	congruent	CZ	2.0951335	0	2	1	181.27775	262.83935	0.127571016	0.7678545
9	incongruent	CZ	0.6286375	1	2	1	181.27775	262.83935	0.127571016	0.7678545
9	congruent	C4	2.1085595	0	2	2	181.27775	262.83935	0.127571016	0.7678545
9	incongruent	C4	2.06624	1	2	2	181.27775	262.83935	0.127571016	0.7678545
9	congruent	CP3	3.1012255	0	3	0	181.27775	262.83935	0.127571016	0.7678545
9	incongruent	CP3	1.2252125	1	3	0	181.27775	262.83935	0.127571016	0.7678545
9	congruent	CPZ	2.262075	0	3	1	181.27775	262.83935	0.127571016	0.7678545
9	incongruent	CPZ	0.2966565	1	3	1	181.27775	262.83935	0.127571016	0.7678545
9	congruent	CP4	2.8472	0	3	2	181.27775	262.83935	0.127571016	0.7678545
9	incongruent	CP4	1.9857285	1	3	2	181.27775	262.83935	0.127571016	0.7678545
9	congruent	P3	4.6496405	0	4	0	181.27775	262.83935	0.127571016	0.7678545
9	incongruent	P3	1.773606	1	4	0	181.27775	262.83935	0.127571016	0.7678545
9	congruent	PZ	3.5422535	0	4	1	181.27775	262.83935	0.127571016	0.7678545
9	incongruent	PZ	1.334036	1	4	1	181.27775	262.83935	0.127571016	0.7678545
9	congruent	P4	3.995985	0	4	2	181.27775	262.83935	0.127571016	0.7678545
9	incongruent	P4	2.638437	1	4	2	181.27775	262.83935	0.127571016	0.7678545
11	congruent	F3	-2.7479625	0	0	0	110.51785	171.14545	0.191008977	0.8682458
11	incongruent	F3	-1.953465	1	0	0	110.51785	171.14545	0.191008977	0.8682458
11	congruent	FZ	-3.207625	0	0	1	110.51785	171.14545	0.191008977	0.8682458
11	incongruent	FZ	-1.7904125	1	0	1	110.51785	171.14545	0.191008977	0.8682458
11	congruent	F4	-2.9362175	0	0	2	110.51785	171.14545	0.191008977	0.8682458
11	incongruent	F4	-1.5012155	1	0	2	110.51785	171.14545	0.191008977	0.8682458
11	congruent	FC3	-1.829397	0	1	0	110.51785	171.14545	0.191008977	0.8682458
11	incongruent	FC3	-0.2739605	1	1	0	110.51785	171.14545	0.191008977	0.8682458
11	congruent	FCZ	-2.4038615	0	1	1	110.51785	171.14545	0.191008977	0.8682458
11	incongruent	FCZ	-0.366836	1	1	1	110.51785	171.14545	0.191008977	0.8682458
11	congruent	FC4	-1.5442055	0	1	2	110.51785	171.14545	0.191008977	0.8682458
11	incongruent	FC4	-0.676679	1	1	2	110.51785	171.14545	0.191008977	0.8682458
11	congruent	C3	-0.5680395	0	2	0	110.51785	171.14545	0.191008977	0.8682458
11	incongruent	C3	0.584705	1	2	0	110.51785	171.14545	0.191008977	0.8682458
11	congruent	CZ	-1.0851985	0	2	1	110.51785	171.14545	0.191008977	0.8682458
11	incongruent	CZ	0.910782	1	2	1	110.51785	171.14545	0.191008977	0.8682458
11	congruent	C4	-1.1805605	0	2	2	110.51785	171.14545	0.191008977	0.8682458
11	incongruent	C4	0.25041	1	2	2	110.51785	171.14545	0.191008977	0.8682458
11	congruent	CP3	-0.315581	0	3	0	110.51785	171.14545	0.191008977	0.8682458
11	incongruent	CP3	0.627326	1	3	0	110.51785	171.14545	0.191008977	0.8682458
11	congruent	CPZ	0.3617145	0	3	1	110.51785	171.14545	0.191008977	0.8682458
11	incongruent	CPZ	1.679792	1	3	1	110.51785	171.14545	0.191008977	0.8682458
11	congruent	CP4	-0.5478225	0	3	2	110.51785	171.14545	0.191008977	0.8682458
11	incongruent	CP4	0.7648835	1	3	2	110.51785	171.14545	0.191008977	0.8682458
11	congruent	P3	0.5788775	0	4	0	110.51785	171.14545	0.191008977	0.8682458
11	incongruent	P3	0.9086645	1	4	0	110.51785	171.14545	0.191008977	0.8682458
11	congruent	PZ	0.896699	0	4	1	110.51785	171.14545	0.191008977	0.8682458
11	incongruent	PZ	1.998893	1	4	1	110.51785	171.14545	0.191008977	0.8682458
11	congruent	P4	0.6590845	0	4	2	110.51785	171.14545	0.191008977	0.8682458
11	incongruent	P4	1.538653	1	4	2	110.51785	171.14545	0.191008977	0.8682458
14	congruent	F3	1.3343665	0	0	0	95.75085	136.67945	0.2124844	0.8561086
14	incongruent	F3	2.838952	1	0	0	95.75085	136.67945	0.2124844	0.8561086
14	congruent	FZ	1.298658	0	0	1	95.75085	136.67945	0.2124844	0.8561086
14	incongruent	FZ	2.1610325	1	0	1	95.75085	136.67945	0.2124844	0.8561086
14	congruent	F4	0.0644275	0	0	2	95.75085	136.67945	0.2124844	0.8561086
14	incongruent	F4	2.252542	1	0	2	95.75085	136.67945	0.2124844	0.8561086
14	congruent	FC3	5.7899865	0	1	0	95.75085	136.67945	0.2124844	0.8561086
14	incongruent	FC3	5.7744865	1	1	0	95.75085	136.67945	0.2124844	0.8561086
14	congruent	FCZ	8.1527595	0	1	1	95.75085	136.67945	0.2124844	0.8561086
14	incongruent	FCZ	6.393646	1	1	1	95.75085	136.67945	0.2124844	0.8561086
14	congruent	FC4	3.720498	0	1	2	95.75085	136.67945	0.2124844	0.8561086
14	incongruent	FC4	3.912589	1	1	2	95.75085	136.67945	0.2124844	0.8561086
14	congruent	C3	10.375501	0	2	0	95.75085	136.67945	0.2124844	0.8561086
14	incongruent	C3	8.754065	1	2	0	95.75085	136.67945	0.2124844	0.8561086
14	congruent	CZ	12.4441985	0	2	1	95.75085	136.67945	0.2124844	0.8561086
14	incongruent	CZ	8.777312	1	2	1	95.75085	136.67945	0.2124844	0.8561086
14	congruent	C4	6.4537255	0	2	2	95.75085	136.67945	0.2124844	0.8561086
14	incongruent	C4	4.9949675	1	2	2	95.75085	136.67945	0.2124844	0.8561086
14	congruent	CP3	12.641436	0	3	0	95.75085	136.67945	0.2124844	0.8561086
14	incongruent	CP3	10.6292	1	3	0	95.75085	136.67945	0.2124844	0.8561086
14	congruent	CPZ	14.757177	0	3	1	95.75085	136.67945	0.2124844	0.8561086
14	incongruent	CPZ	11.171382	1	3	1	95.75085	136.67945	0.2124844	0.8561086
14	congruent	CP4	9.2110375	0	3	2	95.75085	136.67945	0.2124844	0.8561086
14	incongruent	CP4	6.6194795	1	3	2	95.75085	136.67945	0.2124844	0.8561086
14	congruent	P3	14.549412	0	4	0	95.75085	136.67945	0.2124844	0.8561086
14	incongruent	P3	11.916962	1	4	0	95.75085	136.67945	0.2124844	0.8561086
14	congruent	PZ	16.025597	0	4	1	95.75085	136.67945	0.2124844	0.8561086
14	incongruent	PZ	12.8245245	1	4	1	95.75085	136.67945	0.2124844	0.8561086
14	congruent	P4	11.891176	0	4	2	95.75085	136.67945	0.2124844	0.8561086
14	incongruent	P4	9.4171105	1	4	2	95.75085	136.67945	0.2124844	0.8561086
15	congruent	F3	2.9583055	0	0	0	178.5134	272.1544	0.352636666	0.9790621
15	incongruent	F3	1.2203605	1	0	0	178.5134	272.1544	0.352636666	0.9790621
15	congruent	FZ	2.0865105	0	0	1	178.5134	272.1544	0.352636666	0.9790621
15	incongruent	FZ	-0.0288785	1	0	1	178.5134	272.1544	0.352636666	0.9790621
15	congruent	F4	4.5704635	0	0	2	178.5134	272.1544	0.352636666	0.9790621
15	incongruent	F4	1.9577415	1	0	2	178.5134	272.1544	0.352636666	0.9790621
15	congruent	FC3	6.0815115	0	1	0	178.5134	272.1544	0.352636666	0.9790621
15	incongruent	FC3	4.417824	1	1	0	178.5134	272.1544	0.352636666	0.9790621
15	congruent	FCZ	4.8059285	0	1	1	178.5134	272.1544	0.352636666	0.9790621
15	incongruent	FCZ	2.470543	1	1	1	178.5134	272.1544	0.352636666	0.9790621
15	congruent	FC4	7.3066875	0	1	2	178.5134	272.1544	0.352636666	0.9790621
15	incongruent	FC4	4.019931	1	1	2	178.5134	272.1544	0.352636666	0.9790621
15	congruent	C3	8.293296	0	2	0	178.5134	272.1544	0.352636666	0.9790621
15	incongruent	C3	6.0355955	1	2	0	178.5134	272.1544	0.352636666	0.9790621
15	congruent	CZ	7.1987985	0	2	1	178.5134	272.1544	0.352636666	0.9790621
15	incongruent	CZ	3.2006855	1	2	1	178.5134	272.1544	0.352636666	0.9790621
15	congruent	C4	8.063806	0	2	2	178.5134	272.1544	0.352636666	0.9790621
15	incongruent	C4	4.2983455	1	2	2	178.5134	272.1544	0.352636666	0.9790621
15	congruent	CP3	8.3005265	0	3	0	178.5134	272.1544	0.352636666	0.9790621
15	incongruent	CP3	6.0516455	1	3	0	178.5134	272.1544	0.352636666	0.9790621
15	congruent	CPZ	8.823561	0	3	1	178.5134	272.1544	0.352636666	0.9790621
15	incongruent	CPZ	4.3752295	1	3	1	178.5134	272.1544	0.352636666	0.9790621
15	congruent	CP4	9.3083625	0	3	2	178.5134	272.1544	0.352636666	0.9790621
15	incongruent	CP4	4.711951	1	3	2	178.5134	272.1544	0.352636666	0.9790621
15	congruent	P3	8.477068	0	4	0	178.5134	272.1544	0.352636666	0.9790621
15	incongruent	P3	5.9118865	1	4	0	178.5134	272.1544	0.352636666	0.9790621
15	congruent	PZ	8.6940825	0	4	1	178.5134	272.1544	0.352636666	0.9790621
15	incongruent	PZ	4.1262315	1	4	1	178.5134	272.1544	0.352636666	0.9790621
15	congruent	P4	9.7459425	0	4	2	178.5134	272.1544	0.352636666	0.9790621
15	incongruent	P4	4.8335795	1	4	2	178.5134	272.1544	0.352636666	0.9790621
16	congruent	F3	3.6936405	0	0	0	85.20345	76.26035	0.118391912	0.4104777
16	incongruent	F3	2.806771	1	0	0	85.20345	76.26035	0.118391912	0.4104777
16	congruent	FZ	1.626577	0	0	1	85.20345	76.26035	0.118391912	0.4104777
16	incongruent	FZ	1.193103	1	0	1	85.20345	76.26035	0.118391912	0.4104777
16	congruent	F4	0.330764	0	0	2	85.20345	76.26035	0.118391912	0.4104777
16	incongruent	F4	0.8098405	1	0	2	85.20345	76.26035	0.118391912	0.4104777
16	congruent	FC3	6.5121595	0	1	0	85.20345	76.26035	0.118391912	0.4104777
16	incongruent	FC3	6.279059	1	1	0	85.20345	76.26035	0.118391912	0.4104777
16	congruent	FCZ	4.1639995	0	1	1	85.20345	76.26035	0.118391912	0.4104777
16	incongruent	FCZ	4.165567	1	1	1	85.20345	76.26035	0.118391912	0.4104777
16	congruent	FC4	2.7278635	0	1	2	85.20345	76.26035	0.118391912	0.4104777
16	incongruent	FC4	3.5758395	1	1	2	85.20345	76.26035	0.118391912	0.4104777
16	congruent	C3	9.051523	0	2	0	85.20345	76.26035	0.118391912	0.4104777
16	incongruent	C3	8.3672355	1	2	0	85.20345	76.26035	0.118391912	0.4104777
16	congruent	CZ	7.7130425	0	2	1	85.20345	76.26035	0.118391912	0.4104777
16	incongruent	CZ	6.723281	1	2	1	85.20345	76.26035	0.118391912	0.4104777
16	congruent	C4	5.245892	0	2	2	85.20345	76.26035	0.118391912	0.4104777
16	incongruent	C4	5.555947	1	2	2	85.20345	76.26035	0.118391912	0.4104777
16	congruent	CP3	9.5731585	0	3	0	85.20345	76.26035	0.118391912	0.4104777
16	incongruent	CP3	9.3020175	1	3	0	85.20345	76.26035	0.118391912	0.4104777
16	congruent	CPZ	8.8227325	0	3	1	85.20345	76.26035	0.118391912	0.4104777
16	incongruent	CPZ	7.0898195	1	3	1	85.20345	76.26035	0.118391912	0.4104777
16	congruent	CP4	6.676107	0	3	2	85.20345	76.26035	0.118391912	0.4104777
16	incongruent	CP4	7.3985025	1	3	2	85.20345	76.26035	0.118391912	0.4104777
16	congruent	P3	9.9137835	0	4	0	85.20345	76.26035	0.118391912	0.4104777
16	incongruent	P3	10.514936	1	4	0	85.20345	76.26035	0.118391912	0.4104777
16	congruent	PZ	10.9253525	0	4	1	85.20345	76.26035	0.118391912	0.4104777
16	incongruent	PZ	9.982662	1	4	1	85.20345	76.26035	0.118391912	0.4104777
16	congruent	P4	7.329972	0	4	2	85.20345	76.26035	0.118391912	0.4104777
16	incongruent	P4	9.0547925	1	4	2	85.20345	76.26035	0.118391912	0.4104777
17	congruent	F3	0.9908735	0	0	0	90.6187	166.3049	0.201957656	0.4653102
17	incongruent	F3	0.8011655	1	0	0	90.6187	166.3049	0.201957656	0.4653102
17	congruent	FZ	-0.6966445	0	0	1	90.6187	166.3049	0.201957656	0.4653102
17	incongruent	FZ	0.264701	1	0	1	90.6187	166.3049	0.201957656	0.4653102
17	congruent	F4	-0.251864	0	0	2	90.6187	166.3049	0.201957656	0.4653102
17	incongruent	F4	1.0515255	1	0	2	90.6187	166.3049	0.201957656	0.4653102
17	congruent	FC3	3.125346	0	1	0	90.6187	166.3049	0.201957656	0.4653102
17	incongruent	FC3	2.4302085	1	1	0	90.6187	166.3049	0.201957656	0.4653102
17	congruent	FCZ	2.6852755	0	1	1	90.6187	166.3049	0.201957656	0.4653102
17	incongruent	FCZ	2.675431	1	1	1	90.6187	166.3049	0.201957656	0.4653102
17	congruent	FC4	3.900949	0	1	2	90.6187	166.3049	0.201957656	0.4653102
17	incongruent	FC4	3.4315705	1	1	2	90.6187	166.3049	0.201957656	0.4653102
17	congruent	C3	6.0619335	0	2	0	90.6187	166.3049	0.201957656	0.4653102
17	incongruent	C3	4.768269	1	2	0	90.6187	166.3049	0.201957656	0.4653102
17	congruent	CZ	7.068281	0	2	1	90.6187	166.3049	0.201957656	0.4653102
17	incongruent	CZ	4.824258	1	2	1	90.6187	166.3049	0.201957656	0.4653102
17	congruent	C4	7.842901	0	2	2	90.6187	166.3049	0.201957656	0.4653102
17	incongruent	C4	4.5223795	1	2	2	90.6187	166.3049	0.201957656	0.4653102
17	congruent	CP3	9.2069995	0	3	0	90.6187	166.3049	0.201957656	0.4653102
17	incongruent	CP3	6.799376	1	3	0	90.6187	166.3049	0.201957656	0.4653102
17	congruent	CPZ	11.6902605	0	3	1	90.6187	166.3049	0.201957656	0.4653102
17	incongruent	CPZ	7.654714	1	3	1	90.6187	166.3049	0.201957656	0.4653102
17	congruent	CP4	10.6508895	0	3	2	90.6187	166.3049	0.201957656	0.4653102
17	incongruent	CP4	7.578645	1	3	2	90.6187	166.3049	0.201957656	0.4653102
17	congruent	P3	10.2741655	0	4	0	90.6187	166.3049	0.201957656	0.4653102
17	incongruent	P3	7.3726945	1	4	0	90.6187	166.3049	0.201957656	0.4653102
17	congruent	PZ	11.753454	0	4	1	90.6187	166.3049	0.201957656	0.4653102
17	incongruent	PZ	8.098486	1	4	1	90.6187	166.3049	0.201957656	0.4653102
17	congruent	P4	11.3825525	0	4	2	90.6187	166.3049	0.201957656	0.4653102
17	incongruent	P4	8.721977	1	4	2	90.6187	166.3049	0.201957656	0.4653102
18	congruent	F3	1.664357	0	0	0	104.48385	171.91755	0.339510756	0.7766918
18	incongruent	F3	0.6268575	1	0	0	104.48385	171.91755	0.339510756	0.7766918
18	congruent	FZ	0.3000385	0	0	1	104.48385	171.91755	0.339510756	0.7766918
18	incongruent	FZ	0.010954	1	0	1	104.48385	171.91755	0.339510756	0.7766918
18	congruent	F4	0.9130425	0	0	2	104.48385	171.91755	0.339510756	0.7766918
18	incongruent	F4	0.8169055	1	0	2	104.48385	171.91755	0.339510756	0.7766918
18	congruent	FC3	3.9087905	0	1	0	104.48385	171.91755	0.339510756	0.7766918
18	incongruent	FC3	2.293606	1	1	0	104.48385	171.91755	0.339510756	0.7766918
18	congruent	FCZ	3.838049	0	1	1	104.48385	171.91755	0.339510756	0.7766918
18	incongruent	FCZ	2.5394135	1	1	1	104.48385	171.91755	0.339510756	0.7766918
18	congruent	FC4	4.773227	0	1	2	104.48385	171.91755	0.339510756	0.7766918
18	incongruent	FC4	3.280788	1	1	2	104.48385	171.91755	0.339510756	0.7766918
18	congruent	C3	6.771908	0	2	0	104.48385	171.91755	0.339510756	0.7766918
18	incongruent	C3	4.6893065	1	2	0	104.48385	171.91755	0.339510756	0.7766918
18	congruent	CZ	8.184731	0	2	1	104.48385	171.91755	0.339510756	0.7766918
18	incongruent	CZ	4.7652245	1	2	1	104.48385	171.91755	0.339510756	0.7766918
18	congruent	C4	8.8480855	0	2	2	104.48385	171.91755	0.339510756	0.7766918
18	incongruent	C4	4.663563	1	2	2	104.48385	171.91755	0.339510756	0.7766918
18	congruent	CP3	10.090991	0	3	0	104.48385	171.91755	0.339510756	0.7766918
18	incongruent	CP3	6.7790495	1	3	0	104.48385	171.91755	0.339510756	0.7766918
18	congruent	CPZ	12.5940165	0	3	1	104.48385	171.91755	0.339510756	0.7766918
18	incongruent	CPZ	7.67278	1	3	1	104.48385	171.91755	0.339510756	0.7766918
18	congruent	CP4	11.675308	0	3	2	104.48385	171.91755	0.339510756	0.7766918
18	incongruent	CP4	7.5457865	1	3	2	104.48385	171.91755	0.339510756	0.7766918
18	congruent	P3	11.238291	0	4	0	104.48385	171.91755	0.339510756	0.7766918
18	incongruent	P3	7.3130835	1	4	0	104.48385	171.91755	0.339510756	0.7766918
18	congruent	PZ	12.68053	0	4	1	104.48385	171.91755	0.339510756	0.7766918
18	incongruent	PZ	8.092621	1	4	1	104.48385	171.91755	0.339510756	0.7766918
18	congruent	P4	12.3412275	0	4	2	104.48385	171.91755	0.339510756	0.7766918
18	incongruent	P4	8.6669115	1	4	2	104.48385	171.91755	0.339510756	0.7766918
19	congruent	F3	-3.6406065	0	0	0	119.28485	296.70625	0.368080928	0.9987122
19	incongruent	F3	-3.441882	1	0	0	119.28485	296.70625	0.368080928	0.9987122
19	congruent	FZ	-3.328954	0	0	1	119.28485	296.70625	0.368080928	0.9987122
19	incongruent	FZ	-3.4083745	1	0	1	119.28485	296.70625	0.368080928	0.9987122
19	congruent	F4	-3.303651	0	0	2	119.28485	296.70625	0.368080928	0.9987122
19	incongruent	F4	-2.6804605	1	0	2	119.28485	296.70625	0.368080928	0.9987122
19	congruent	FC3	-2.887165	0	1	0	119.28485	296.70625	0.368080928	0.9987122
19	incongruent	FC3	-3.2704915	1	1	0	119.28485	296.70625	0.368080928	0.9987122
19	congruent	FCZ	-2.6526995	0	1	1	119.28485	296.70625	0.368080928	0.9987122
19	incongruent	FCZ	-3.5453115	1	1	1	119.28485	296.70625	0.368080928	0.9987122
19	congruent	FC4	-2.2254915	0	1	2	119.28485	296.70625	0.368080928	0.9987122
19	incongruent	FC4	-2.640394	1	1	2	119.28485	296.70625	0.368080928	0.9987122
19	congruent	C3	-1.7657755	0	2	0	119.28485	296.70625	0.368080928	0.9987122
19	incongruent	C3	-3.0119655	1	2	0	119.28485	296.70625	0.368080928	0.9987122
19	congruent	CZ	-1.971108	0	2	1	119.28485	296.70625	0.368080928	0.9987122
19	incongruent	CZ	-3.62364	1	2	1	119.28485	296.70625	0.368080928	0.9987122
19	congruent	C4	-0.611518	0	2	2	119.28485	296.70625	0.368080928	0.9987122
19	incongruent	C4	-2.3804415	1	2	2	119.28485	296.70625	0.368080928	0.9987122
19	congruent	CP3	-1.4513	0	3	0	119.28485	296.70625	0.368080928	0.9987122
19	incongruent	CP3	-2.7158645	1	3	0	119.28485	296.70625	0.368080928	0.9987122
19	congruent	CPZ	-1.2601745	0	3	1	119.28485	296.70625	0.368080928	0.9987122
19	incongruent	CPZ	-3.3839565	1	3	1	119.28485	296.70625	0.368080928	0.9987122
19	congruent	CP4	0.4102755	0	3	2	119.28485	296.70625	0.368080928	0.9987122
19	incongruent	CP4	-1.8399345	1	3	2	119.28485	296.70625	0.368080928	0.9987122
19	congruent	P3	-0.4722675	0	4	0	119.28485	296.70625	0.368080928	0.9987122
19	incongruent	P3	-1.793191	1	4	0	119.28485	296.70625	0.368080928	0.9987122
19	congruent	PZ	-0.940094	0	4	1	119.28485	296.70625	0.368080928	0.9987122
19	incongruent	PZ	-2.965969	1	4	1	119.28485	296.70625	0.368080928	0.9987122
19	congruent	P4	0.915286	0	4	2	119.28485	296.70625	0.368080928	0.9987122
19	incongruent	P4	-1.4365445	1	4	2	119.28485	296.70625	0.368080928	0.9987122
20	congruent	F3	-2.179663	0	0	0	174.16775	428.03955	0.372626588	0.929436
20	incongruent	F3	-6.640409	1	0	0	174.16775	428.03955	0.372626588	0.929436
20	congruent	FZ	-4.4379525	0	0	1	174.16775	428.03955	0.372626588	0.929436
20	incongruent	FZ	-8.387254	1	0	1	174.16775	428.03955	0.372626588	0.929436
20	congruent	F4	-2.0193575	0	0	2	174.16775	428.03955	0.372626588	0.929436
20	incongruent	F4	-5.6566385	1	0	2	174.16775	428.03955	0.372626588	0.929436
20	congruent	FC3	-0.721845	0	1	0	174.16775	428.03955	0.372626588	0.929436
20	incongruent	FC3	-4.1411735	1	1	0	174.16775	428.03955	0.372626588	0.929436
20	congruent	FCZ	-4.646287	0	1	1	174.16775	428.03955	0.372626588	0.929436
20	incongruent	FCZ	-7.592921	1	1	1	174.16775	428.03955	0.372626588	0.929436
20	congruent	FC4	-2.185734	0	1	2	174.16775	428.03955	0.372626588	0.929436
20	incongruent	FC4	-4.6565555	1	1	2	174.16775	428.03955	0.372626588	0.929436
20	congruent	C3	0.746235	0	2	0	174.16775	428.03955	0.372626588	0.929436
20	incongruent	C3	-1.7904975	1	2	0	174.16775	428.03955	0.372626588	0.929436
20	congruent	CZ	-1.391912	0	2	1	174.16775	428.03955	0.372626588	0.929436
20	incongruent	CZ	-3.719576	1	2	1	174.16775	428.03955	0.372626588	0.929436
20	congruent	C4	-2.561698	0	2	2	174.16775	428.03955	0.372626588	0.929436
20	incongruent	C4	-4.0804055	1	2	2	174.16775	428.03955	0.372626588	0.929436
20	congruent	CP3	1.3820195	0	3	0	174.16775	428.03955	0.372626588	0.929436
20	incongruent	CP3	-0.305515	1	3	0	174.16775	428.03955	0.372626588	0.929436
20	congruent	CPZ	0.983659	0	3	1	174.16775	428.03955	0.372626588	0.929436
20	incongruent	CPZ	-1.03674	1	3	1	174.16775	428.03955	0.372626588	0.929436
20	congruent	CP4	-1.290879	0	3	2	174.16775	428.03955	0.372626588	0.929436
20	incongruent	CP4	-2.081239	1	3	2	174.16775	428.03955	0.372626588	0.929436
20	congruent	P3	3.3618375	0	4	0	174.16775	428.03955	0.372626588	0.929436
20	incongruent	P3	2.307153	1	4	0	174.16775	428.03955	0.372626588	0.929436
20	congruent	PZ	2.507818	0	4	1	174.16775	428.03955	0.372626588	0.929436
20	incongruent	PZ	1.2231595	1	4	1	174.16775	428.03955	0.372626588	0.929436
20	congruent	P4	-0.1626665	0	4	2	174.16775	428.03955	0.372626588	0.929436
20	incongruent	P4	0.385698	1	4	2	174.16775	428.03955	0.372626588	0.929436
21	congruent	F3	2.6510285	0	0	0	27.3757	207.728	0.290244915	0.9953427
21	incongruent	F3	1.278976	1	0	0	27.3757	207.728	0.290244915	0.9953427
21	congruent	FZ	3.880172	0	0	1	27.3757	207.728	0.290244915	0.9953427
21	incongruent	FZ	1.6222285	1	0	1	27.3757	207.728	0.290244915	0.9953427
21	congruent	F4	5.2319375	0	0	2	27.3757	207.728	0.290244915	0.9953427
21	incongruent	F4	0.13962	1	0	2	27.3757	207.728	0.290244915	0.9953427
21	congruent	FC3	2.7414	0	1	0	27.3757	207.728	0.290244915	0.9953427
21	incongruent	FC3	2.671297	1	1	0	27.3757	207.728	0.290244915	0.9953427
21	congruent	FCZ	3.979747	0	1	1	27.3757	207.728	0.290244915	0.9953427
21	incongruent	FCZ	2.2121855	1	1	1	27.3757	207.728	0.290244915	0.9953427
21	congruent	FC4	4.538119	0	1	2	27.3757	207.728	0.290244915	0.9953427
21	incongruent	FC4	2.1014905	1	1	2	27.3757	207.728	0.290244915	0.9953427
21	congruent	C3	2.6626335	0	2	0	27.3757	207.728	0.290244915	0.9953427
21	incongruent	C3	3.899534	1	2	0	27.3757	207.728	0.290244915	0.9953427
21	congruent	CZ	2.8386225	0	2	1	27.3757	207.728	0.290244915	0.9953427
21	incongruent	CZ	3.9950205	1	2	1	27.3757	207.728	0.290244915	0.9953427
21	congruent	C4	3.6994585	0	2	2	27.3757	207.728	0.290244915	0.9953427
21	incongruent	C4	2.8447865	1	2	2	27.3757	207.728	0.290244915	0.9953427
21	congruent	CP3	2.358638	0	3	0	27.3757	207.728	0.290244915	0.9953427
21	incongruent	CP3	4.326675	1	3	0	27.3757	207.728	0.290244915	0.9953427
21	congruent	CPZ	1.710761	0	3	1	27.3757	207.728	0.290244915	0.9953427
21	incongruent	CPZ	3.6966475	1	3	1	27.3757	207.728	0.290244915	0.9953427
21	congruent	CP4	2.9110285	0	3	2	27.3757	207.728	0.290244915	0.9953427
21	incongruent	CP4	3.8831565	1	3	2	27.3757	207.728	0.290244915	0.9953427
21	congruent	P3	2.246399	0	4	0	27.3757	207.728	0.290244915	0.9953427
21	incongruent	P3	4.850887	1	4	0	27.3757	207.728	0.290244915	0.9953427
21	congruent	PZ	0.656725	0	4	1	27.3757	207.728	0.290244915	0.9953427
21	incongruent	PZ	3.5886195	1	4	1	27.3757	207.728	0.290244915	0.9953427
21	congruent	P4	1.941242	0	4	2	27.3757	207.728	0.290244915	0.9953427
21	incongruent	P4	4.224075	1	4	2	27.3757	207.728	0.290244915	0.9953427
22	congruent	F3	3.7856895	0	0	0	260.03565	266.43035	0.264625344	0.6954895
22	incongruent	F3	1.505484	1	0	0	260.03565	266.43035	0.264625344	0.6954895
22	congruent	FZ	3.3854155	0	0	1	260.03565	266.43035	0.264625344	0.6954895
22	incongruent	FZ	0.5776635	1	0	1	260.03565	266.43035	0.264625344	0.6954895
22	congruent	F4	3.750993	0	0	2	260.03565	266.43035	0.264625344	0.6954895
22	incongruent	F4	0.7871255	1	0	2	260.03565	266.43035	0.264625344	0.6954895
22	congruent	FC3	3.448849	0	1	0	260.03565	266.43035	0.264625344	0.6954895
22	incongruent	FC3	0.9930735	1	1	0	260.03565	266.43035	0.264625344	0.6954895
22	congruent	FCZ	2.96655	0	1	1	260.03565	266.43035	0.264625344	0.6954895
22	incongruent	FCZ	0.29392	1	1	1	260.03565	266.43035	0.264625344	0.6954895
22	congruent	FC4	3.543015	0	1	2	260.03565	266.43035	0.264625344	0.6954895
22	incongruent	FC4	0.183059	1	1	2	260.03565	266.43035	0.264625344	0.6954895
22	congruent	C3	3.1754065	0	2	0	260.03565	266.43035	0.264625344	0.6954895
22	incongruent	C3	0.66606	1	2	0	260.03565	266.43035	0.264625344	0.6954895
22	congruent	CZ	3.4540415	0	2	1	260.03565	266.43035	0.264625344	0.6954895
22	incongruent	CZ	0.818298	1	2	1	260.03565	266.43035	0.264625344	0.6954895
22	congruent	C4	3.3371405	0	2	2	260.03565	266.43035	0.264625344	0.6954895
22	incongruent	C4	0.3641765	1	2	2	260.03565	266.43035	0.264625344	0.6954895
22	congruent	CP3	3.5969335	0	3	0	260.03565	266.43035	0.264625344	0.6954895
22	incongruent	CP3	0.8829555	1	3	0	260.03565	266.43035	0.264625344	0.6954895
22	congruent	CPZ	3.441663	0	3	1	260.03565	266.43035	0.264625344	0.6954895
22	incongruent	CPZ	0.796665	1	3	1	260.03565	266.43035	0.264625344	0.6954895
22	congruent	CP4	4.1555255	0	3	2	260.03565	266.43035	0.264625344	0.6954895
22	incongruent	CP4	1.430836	1	3	2	260.03565	266.43035	0.264625344	0.6954895
22	congruent	P3	4.4084195	0	4	0	260.03565	266.43035	0.264625344	0.6954895
22	incongruent	P3	1.725638	1	4	0	260.03565	266.43035	0.264625344	0.6954895
22	congruent	PZ	4.319365	0	4	1	260.03565	266.43035	0.264625344	0.6954895
22	incongruent	PZ	1.658774	1	4	1	260.03565	266.43035	0.264625344	0.6954895
22	congruent	P4	4.7525425	0	4	2	260.03565	266.43035	0.264625344	0.6954895
22	incongruent	P4	2.207849	1	4	2	260.03565	266.43035	0.264625344	0.6954895
23	congruent	F3	0.3805185	0	0	0	126.3941	484.2971	0.440401914	1.0011968
23	incongruent	F3	-1.3208905	1	0	0	126.3941	484.2971	0.440401914	1.0011968
23	congruent	FZ	0.713737	0	0	1	126.3941	484.2971	0.440401914	1.0011968
23	incongruent	FZ	-3.041507	1	0	1	126.3941	484.2971	0.440401914	1.0011968
23	congruent	F4	2.3248185	0	0	2	126.3941	484.2971	0.440401914	1.0011968
23	incongruent	F4	-2.6743205	1	0	2	126.3941	484.2971	0.440401914	1.0011968
23	congruent	FC3	2.276091	0	1	0	126.3941	484.2971	0.440401914	1.0011968
23	incongruent	FC3	1.526868	1	1	0	126.3941	484.2971	0.440401914	1.0011968
23	congruent	FCZ	1.636063	0	1	1	126.3941	484.2971	0.440401914	1.0011968
23	incongruent	FCZ	0.0294995	1	1	1	126.3941	484.2971	0.440401914	1.0011968
23	congruent	FC4	3.4693985	0	1	2	126.3941	484.2971	0.440401914	1.0011968
23	incongruent	FC4	1.127872	1	1	2	126.3941	484.2971	0.440401914	1.0011968
23	congruent	C3	4.1318635	0	2	0	126.3941	484.2971	0.440401914	1.0011968
23	incongruent	C3	5.174762	1	2	0	126.3941	484.2971	0.440401914	1.0011968
23	congruent	CZ	3.589383	0	2	1	126.3941	484.2971	0.440401914	1.0011968
23	incongruent	CZ	3.916915	1	2	1	126.3941	484.2971	0.440401914	1.0011968
23	congruent	C4	4.525539	0	2	2	126.3941	484.2971	0.440401914	1.0011968
23	incongruent	C4	3.756844	1	2	2	126.3941	484.2971	0.440401914	1.0011968
23	congruent	CP3	5.2286695	0	3	0	126.3941	484.2971	0.440401914	1.0011968
23	incongruent	CP3	6.7510165	1	3	0	126.3941	484.2971	0.440401914	1.0011968
23	congruent	CPZ	5.6452745	0	3	1	126.3941	484.2971	0.440401914	1.0011968
23	incongruent	CPZ	7.5620555	1	3	1	126.3941	484.2971	0.440401914	1.0011968
23	congruent	CP4	4.8541475	0	3	2	126.3941	484.2971	0.440401914	1.0011968
23	incongruent	CP4	5.7301015	1	3	2	126.3941	484.2971	0.440401914	1.0011968
23	congruent	P3	5.888662	0	4	0	126.3941	484.2971	0.440401914	1.0011968
23	incongruent	P3	7.618211	1	4	0	126.3941	484.2971	0.440401914	1.0011968
23	congruent	PZ	6.300269	0	4	1	126.3941	484.2971	0.440401914	1.0011968
23	incongruent	PZ	9.41702	1	4	1	126.3941	484.2971	0.440401914	1.0011968
23	congruent	P4	5.0537805	0	4	2	126.3941	484.2971	0.440401914	1.0011968
23	incongruent	P4	6.793744	1	4	2	126.3941	484.2971	0.440401914	1.0011968
24	congruent	F3	-0.6836545	0	0	0	280.3165	588.6559	0.443441208	0.6393342
24	incongruent	F3	-0.7751315	1	0	0	280.3165	588.6559	0.443441208	0.6393342
24	congruent	FZ	-1.6828515	0	0	1	280.3165	588.6559	0.443441208	0.6393342
24	incongruent	FZ	-0.8356805	1	0	1	280.3165	588.6559	0.443441208	0.6393342
24	congruent	F4	0.6787555	0	0	2	280.3165	588.6559	0.443441208	0.6393342
24	incongruent	F4	0.3406905	1	0	2	280.3165	588.6559	0.443441208	0.6393342
24	congruent	FC3	-1.214824	0	1	0	280.3165	588.6559	0.443441208	0.6393342
24	incongruent	FC3	-0.931767	1	1	0	280.3165	588.6559	0.443441208	0.6393342
24	congruent	FCZ	-2.4299205	0	1	1	280.3165	588.6559	0.443441208	0.6393342
24	incongruent	FCZ	-1.1842915	1	1	1	280.3165	588.6559	0.443441208	0.6393342
24	congruent	FC4	0.1643395	0	1	2	280.3165	588.6559	0.443441208	0.6393342
24	incongruent	FC4	0.3665845	1	1	2	280.3165	588.6559	0.443441208	0.6393342
24	congruent	C3	-1.4953805	0	2	0	280.3165	588.6559	0.443441208	0.6393342
24	incongruent	C3	-0.695074	1	2	0	280.3165	588.6559	0.443441208	0.6393342
24	congruent	CZ	-1.778883	0	2	1	280.3165	588.6559	0.443441208	0.6393342
24	incongruent	CZ	-0.974245	1	2	1	280.3165	588.6559	0.443441208	0.6393342
24	congruent	C4	0.161315	0	2	2	280.3165	588.6559	0.443441208	0.6393342
24	incongruent	C4	0.024182	1	2	2	280.3165	588.6559	0.443441208	0.6393342
24	congruent	CP3	-0.5493515	0	3	0	280.3165	588.6559	0.443441208	0.6393342
24	incongruent	CP3	0.1728285	1	3	0	280.3165	588.6559	0.443441208	0.6393342
24	congruent	CPZ	-0.5204815	0	3	1	280.3165	588.6559	0.443441208	0.6393342
24	incongruent	CPZ	0.0998055	1	3	1	280.3165	588.6559	0.443441208	0.6393342
24	congruent	CP4	1.970489	0	3	2	280.3165	588.6559	0.443441208	0.6393342
24	incongruent	CP4	1.83124	1	3	2	280.3165	588.6559	0.443441208	0.6393342
24	congruent	P3	0.953432	0	4	0	280.3165	588.6559	0.443441208	0.6393342
24	incongruent	P3	1.876017	1	4	0	280.3165	588.6559	0.443441208	0.6393342
24	congruent	PZ	1.0786135	0	4	1	280.3165	588.6559	0.443441208	0.6393342
24	incongruent	PZ	2.122455	1	4	1	280.3165	588.6559	0.443441208	0.6393342
24	congruent	P4	3.7684585	0	4	2	280.3165	588.6559	0.443441208	0.6393342
24	incongruent	P4	3.6689495	1	4	2	280.3165	588.6559	0.443441208	0.6393342
25	congruent	F3	0.991967	0	0	0	207.72355	247.66335	0.257008905	0.5051649
25	incongruent	F3	1.2687655	1	0	0	207.72355	247.66335	0.257008905	0.5051649
25	congruent	FZ	1.0975925	0	0	1	207.72355	247.66335	0.257008905	0.5051649
25	incongruent	FZ	1.012651	1	0	1	207.72355	247.66335	0.257008905	0.5051649
25	congruent	F4	0.9308975	0	0	2	207.72355	247.66335	0.257008905	0.5051649
25	incongruent	F4	1.4332625	1	0	2	207.72355	247.66335	0.257008905	0.5051649
25	congruent	FC3	1.845879	0	1	0	207.72355	247.66335	0.257008905	0.5051649
25	incongruent	FC3	1.5342875	1	1	0	207.72355	247.66335	0.257008905	0.5051649
25	congruent	FCZ	1.8605505	0	1	1	207.72355	247.66335	0.257008905	0.5051649
25	incongruent	FCZ	0.959052	1	1	1	207.72355	247.66335	0.257008905	0.5051649
25	congruent	FC4	1.7199865	0	1	2	207.72355	247.66335	0.257008905	0.5051649
25	incongruent	FC4	1.869345	1	1	2	207.72355	247.66335	0.257008905	0.5051649
25	congruent	C3	2.2689755	0	2	0	207.72355	247.66335	0.257008905	0.5051649
25	incongruent	C3	1.111773	1	2	0	207.72355	247.66335	0.257008905	0.5051649
25	congruent	CZ	2.0117255	0	2	1	207.72355	247.66335	0.257008905	0.5051649
25	incongruent	CZ	0.585235	1	2	1	207.72355	247.66335	0.257008905	0.5051649
25	congruent	C4	1.999964	0	2	2	207.72355	247.66335	0.257008905	0.5051649
25	incongruent	C4	2.021581	1	2	2	207.72355	247.66335	0.257008905	0.5051649
25	congruent	CP3	3.024603	0	3	0	207.72355	247.66335	0.257008905	0.5051649
25	incongruent	CP3	1.1898475	1	3	0	207.72355	247.66335	0.257008905	0.5051649
25	congruent	CPZ	2.1875965	0	3	1	207.72355	247.66335	0.257008905	0.5051649
25	incongruent	CPZ	0.258319	1	3	1	207.72355	247.66335	0.257008905	0.5051649
25	congruent	CP4	2.745157	0	3	2	207.72355	247.66335	0.257008905	0.5051649
25	incongruent	CP4	1.9428045	1	3	2	207.72355	247.66335	0.257008905	0.5051649
25	congruent	P3	4.559871	0	4	0	207.72355	247.66335	0.257008905	0.5051649
25	incongruent	P3	1.7310775	1	4	0	207.72355	247.66335	0.257008905	0.5051649
25	congruent	PZ	3.462908	0	4	1	207.72355	247.66335	0.257008905	0.5051649
25	incongruent	PZ	1.28357	1	4	1	207.72355	247.66335	0.257008905	0.5051649
25	congruent	P4	3.8832095	0	4	2	207.72355	247.66335	0.257008905	0.5051649
25	incongruent	P4	2.601932	1	4	2	207.72355	247.66335	0.257008905	0.5051649
26	congruent	F3	0.325592	0	0	0	100.99505	265.30825	0.300283637	0.8486515
26	incongruent	F3	-1.3998405	1	0	0	100.99505	265.30825	0.300283637	0.8486515
26	congruent	FZ	0.192517	0	0	1	100.99505	265.30825	0.300283637	0.8486515
26	incongruent	FZ	-3.360723	1	0	1	100.99505	265.30825	0.300283637	0.8486515
26	congruent	F4	-2.347053	0	0	2	100.99505	265.30825	0.300283637	0.8486515
26	incongruent	F4	-2.5130275	1	0	2	100.99505	265.30825	0.300283637	0.8486515
26	congruent	FC3	1.374699	0	1	0	100.99505	265.30825	0.300283637	0.8486515
26	incongruent	FC3	-1.564558	1	1	0	100.99505	265.30825	0.300283637	0.8486515
26	congruent	FCZ	1.0519915	0	1	1	100.99505	265.30825	0.300283637	0.8486515
26	incongruent	FCZ	-2.530469	1	1	1	100.99505	265.30825	0.300283637	0.8486515
26	congruent	FC4	-0.4801855	0	1	2	100.99505	265.30825	0.300283637	0.8486515
26	incongruent	FC4	-2.027279	1	1	2	100.99505	265.30825	0.300283637	0.8486515
26	congruent	C3	2.169747	0	2	0	100.99505	265.30825	0.300283637	0.8486515
26	incongruent	C3	-0.695184	1	2	0	100.99505	265.30825	0.300283637	0.8486515
26	congruent	CZ	1.425986	0	2	1	100.99505	265.30825	0.300283637	0.8486515
26	incongruent	CZ	-2.1450555	1	2	1	100.99505	265.30825	0.300283637	0.8486515
26	congruent	C4	-1.7620145	0	2	2	100.99505	265.30825	0.300283637	0.8486515
26	incongruent	C4	-1.2158675	1	2	2	100.99505	265.30825	0.300283637	0.8486515
26	congruent	CP3	2.3173515	0	3	0	100.99505	265.30825	0.300283637	0.8486515
26	incongruent	CP3	-0.090466	1	3	0	100.99505	265.30825	0.300283637	0.8486515
26	congruent	CPZ	1.5546755	0	3	1	100.99505	265.30825	0.300283637	0.8486515
26	incongruent	CPZ	-1.9809	1	3	1	100.99505	265.30825	0.300283637	0.8486515
26	congruent	CP4	-0.1278945	0	3	2	100.99505	265.30825	0.300283637	0.8486515
26	incongruent	CP4	-1.69561	1	3	2	100.99505	265.30825	0.300283637	0.8486515
26	congruent	P3	3.285281	0	4	0	100.99505	265.30825	0.300283637	0.8486515
26	incongruent	P3	1.479215	1	4	0	100.99505	265.30825	0.300283637	0.8486515
26	congruent	PZ	0.593888	0	4	1	100.99505	265.30825	0.300283637	0.8486515
26	incongruent	PZ	-1.8467635	1	4	1	100.99505	265.30825	0.300283637	0.8486515
26	congruent	P4	-0.4046415	0	4	2	100.99505	265.30825	0.300283637	0.8486515
26	incongruent	P4	0.178548	1	4	2	100.99505	265.30825	0.300283637	0.8486515
