sub	cell	channel	voltage	switch	incongruency	coronal	sagittal	SC_RT	MC_RT	old_IAT	IAT_2003
5	congruent_stay	PZ	13.916448	0	0	4	1	110.8312	152.2565	0.189147433	0.7373759
5	congruent_stay	P4	15.277748	0	0	4	2	110.8312	152.2565	0.189147433	0.7373759
5	congruent_stay	CP4	10.604367	0	0	3	2	110.8312	152.2565	0.189147433	0.7373759
5	congruent_stay	C4	5.063167	0	0	2	2	110.8312	152.2565	0.189147433	0.7373759
5	congruent_stay	P3	12.399159	0	0	4	0	110.8312	152.2565	0.189147433	0.7373759
5	congruent_stay	CP3	8.035211	0	0	3	0	110.8312	152.2565	0.189147433	0.7373759
5	congruent_stay	CPZ	13.837655	0	0	3	1	110.8312	152.2565	0.189147433	0.7373759
5	congruent_stay	CZ	7.97002	0	0	2	1	110.8312	152.2565	0.189147433	0.7373759
5	congruent_stay	FC4	1.604023	0	0	1	2	110.8312	152.2565	0.189147433	0.7373759
5	congruent_stay	C3	3.712379	0	0	2	0	110.8312	152.2565	0.189147433	0.7373759
5	congruent_stay	FCZ	-1.78435	0	0	1	1	110.8312	152.2565	0.189147433	0.7373759
5	congruent_stay	FZ	-2.607612	0	0	0	1	110.8312	152.2565	0.189147433	0.7373759
5	congruent_stay	F4	-1.546941	0	0	0	2	110.8312	152.2565	0.189147433	0.7373759
5	congruent_stay	FC3	-1.215291	0	0	1	0	110.8312	152.2565	0.189147433	0.7373759
5	congruent_stay	F3	-3.131116	0	0	0	0	110.8312	152.2565	0.189147433	0.7373759
5	congruent_switch	PZ	14.704048	1	0	4	1	110.8312	152.2565	0.189147433	0.7373759
5	congruent_switch	P4	15.873188	1	0	4	2	110.8312	152.2565	0.189147433	0.7373759
5	congruent_switch	CP4	12.050741	1	0	3	2	110.8312	152.2565	0.189147433	0.7373759
5	congruent_switch	C4	7.46968	1	0	2	2	110.8312	152.2565	0.189147433	0.7373759
5	congruent_switch	P3	12.799877	1	0	4	0	110.8312	152.2565	0.189147433	0.7373759
5	congruent_switch	CP3	9.520988	1	0	3	0	110.8312	152.2565	0.189147433	0.7373759
5	congruent_switch	CPZ	14.566534	1	0	3	1	110.8312	152.2565	0.189147433	0.7373759
5	congruent_switch	CZ	9.461457	1	0	2	1	110.8312	152.2565	0.189147433	0.7373759
5	congruent_switch	FC4	3.823132	1	0	1	2	110.8312	152.2565	0.189147433	0.7373759
5	congruent_switch	C3	5.569852	1	0	2	0	110.8312	152.2565	0.189147433	0.7373759
5	congruent_switch	FCZ	3.033877	1	0	1	1	110.8312	152.2565	0.189147433	0.7373759
5	congruent_switch	FZ	-1.038016	1	0	0	1	110.8312	152.2565	0.189147433	0.7373759
5	congruent_switch	F4	0.434635	1	0	0	2	110.8312	152.2565	0.189147433	0.7373759
5	congruent_switch	FC3	0.327296	1	0	1	0	110.8312	152.2565	0.189147433	0.7373759
5	congruent_switch	F3	-2.091147	1	0	0	0	110.8312	152.2565	0.189147433	0.7373759
5	incongruent_stay	PZ	8.447082	0	1	4	1	110.8312	152.2565	0.189147433	0.7373759
5	incongruent_stay	P4	10.279989	0	1	4	2	110.8312	152.2565	0.189147433	0.7373759
5	incongruent_stay	CP4	6.933379	0	1	3	2	110.8312	152.2565	0.189147433	0.7373759
5	incongruent_stay	C4	3.644679	0	1	2	2	110.8312	152.2565	0.189147433	0.7373759
5	incongruent_stay	P3	7.781708	0	1	4	0	110.8312	152.2565	0.189147433	0.7373759
5	incongruent_stay	CP3	5.332956	0	1	3	0	110.8312	152.2565	0.189147433	0.7373759
5	incongruent_stay	CPZ	8.325861	0	1	3	1	110.8312	152.2565	0.189147433	0.7373759
5	incongruent_stay	CZ	4.467336	0	1	2	1	110.8312	152.2565	0.189147433	0.7373759
5	incongruent_stay	FC4	2.302791	0	1	1	2	110.8312	152.2565	0.189147433	0.7373759
5	incongruent_stay	C3	2.945143	0	1	2	0	110.8312	152.2565	0.189147433	0.7373759
5	incongruent_stay	FCZ	4.116826	0	1	1	1	110.8312	152.2565	0.189147433	0.7373759
5	incongruent_stay	FZ	1.170824	0	1	0	1	110.8312	152.2565	0.189147433	0.7373759
5	incongruent_stay	F4	1.773187	0	1	0	2	110.8312	152.2565	0.189147433	0.7373759
5	incongruent_stay	FC3	1.128783	0	1	1	0	110.8312	152.2565	0.189147433	0.7373759
5	incongruent_stay	F3	0.677123	0	1	0	0	110.8312	152.2565	0.189147433	0.7373759
5	incongruent_switch	PZ	8.752028	1	1	4	1	110.8312	152.2565	0.189147433	0.7373759
5	incongruent_switch	P4	11.296572	1	1	4	2	110.8312	152.2565	0.189147433	0.7373759
5	incongruent_switch	CP4	7.519578	1	1	3	2	110.8312	152.2565	0.189147433	0.7373759
5	incongruent_switch	C4	3.808549	1	1	2	2	110.8312	152.2565	0.189147433	0.7373759
5	incongruent_switch	P3	7.229707	1	1	4	0	110.8312	152.2565	0.189147433	0.7373759
5	incongruent_switch	CP3	4.907823	1	1	3	0	110.8312	152.2565	0.189147433	0.7373759
5	incongruent_switch	CPZ	8.691035	1	1	3	1	110.8312	152.2565	0.189147433	0.7373759
5	incongruent_switch	CZ	4.916842	1	1	2	1	110.8312	152.2565	0.189147433	0.7373759
5	incongruent_switch	FC4	2.080608	1	1	1	2	110.8312	152.2565	0.189147433	0.7373759
5	incongruent_switch	C3	2.903512	1	1	2	0	110.8312	152.2565	0.189147433	0.7373759
5	incongruent_switch	FCZ	-0.08151	1	1	1	1	110.8312	152.2565	0.189147433	0.7373759
5	incongruent_switch	FZ	-0.563525	1	1	0	1	110.8312	152.2565	0.189147433	0.7373759
5	incongruent_switch	F4	1.286942	1	1	0	2	110.8312	152.2565	0.189147433	0.7373759
5	incongruent_switch	FC3	0.243641	1	1	1	0	110.8312	152.2565	0.189147433	0.7373759
5	incongruent_switch	F3	-0.870672	1	1	0	0	110.8312	152.2565	0.189147433	0.7373759
6	congruent_stay	PZ	12.955297	0	0	4	1	58.16555	33.64045	0.02704164	0.1207557
6	congruent_stay	P4	11.022863	0	0	4	2	58.16555	33.64045	0.02704164	0.1207557
6	congruent_stay	CP4	8.196335	0	0	3	2	58.16555	33.64045	0.02704164	0.1207557
6	congruent_stay	C4	4.873161	0	0	2	2	58.16555	33.64045	0.02704164	0.1207557
6	congruent_stay	P3	12.241511	0	0	4	0	58.16555	33.64045	0.02704164	0.1207557
6	congruent_stay	CP3	9.600787	0	0	3	0	58.16555	33.64045	0.02704164	0.1207557
6	congruent_stay	CPZ	9.595507	0	0	3	1	58.16555	33.64045	0.02704164	0.1207557
6	congruent_stay	CZ	4.029385	0	0	2	1	58.16555	33.64045	0.02704164	0.1207557
6	congruent_stay	FC4	-0.625843	0	0	1	2	58.16555	33.64045	0.02704164	0.1207557
6	congruent_stay	C3	6.35076	0	0	2	0	58.16555	33.64045	0.02704164	0.1207557
6	congruent_stay	FCZ	-4.662749	0	0	1	1	58.16555	33.64045	0.02704164	0.1207557
6	congruent_stay	FZ	-8.471328	0	0	0	1	58.16555	33.64045	0.02704164	0.1207557
6	congruent_stay	F4	-6.864502	0	0	0	2	58.16555	33.64045	0.02704164	0.1207557
6	congruent_stay	FC3	-1.604027	0	0	1	0	58.16555	33.64045	0.02704164	0.1207557
6	congruent_stay	F3	-6.261572	0	0	0	0	58.16555	33.64045	0.02704164	0.1207557
6	congruent_switch	PZ	9.735788	1	0	4	1	58.16555	33.64045	0.02704164	0.1207557
6	congruent_switch	P4	10.077548	1	0	4	2	58.16555	33.64045	0.02704164	0.1207557
6	congruent_switch	CP4	5.648384	1	0	3	2	58.16555	33.64045	0.02704164	0.1207557
6	congruent_switch	C4	2.061017	1	0	2	2	58.16555	33.64045	0.02704164	0.1207557
6	congruent_switch	P3	9.028321	1	0	4	0	58.16555	33.64045	0.02704164	0.1207557
6	congruent_switch	CP3	5.49153	1	0	3	0	58.16555	33.64045	0.02704164	0.1207557
6	congruent_switch	CPZ	5.207718	1	0	3	1	58.16555	33.64045	0.02704164	0.1207557
6	congruent_switch	CZ	0.140669	1	0	2	1	58.16555	33.64045	0.02704164	0.1207557
6	congruent_switch	FC4	-3.014269	1	0	1	2	58.16555	33.64045	0.02704164	0.1207557
6	congruent_switch	C3	1.987861	1	0	2	0	58.16555	33.64045	0.02704164	0.1207557
6	congruent_switch	FCZ	-7.330356	1	0	1	1	58.16555	33.64045	0.02704164	0.1207557
6	congruent_switch	FZ	-8.754351	1	0	0	1	58.16555	33.64045	0.02704164	0.1207557
6	congruent_switch	F4	-7.921101	1	0	0	2	58.16555	33.64045	0.02704164	0.1207557
6	congruent_switch	FC3	-3.955731	1	0	1	0	58.16555	33.64045	0.02704164	0.1207557
6	congruent_switch	F3	-6.791726	1	0	0	0	58.16555	33.64045	0.02704164	0.1207557
6	incongruent_stay	PZ	7.127748	0	1	4	1	58.16555	33.64045	0.02704164	0.1207557
6	incongruent_stay	P4	7.228532	0	1	4	2	58.16555	33.64045	0.02704164	0.1207557
6	incongruent_stay	CP4	3.844325	0	1	3	2	58.16555	33.64045	0.02704164	0.1207557
6	incongruent_stay	C4	1.233069	0	1	2	2	58.16555	33.64045	0.02704164	0.1207557
6	incongruent_stay	P3	7.472404	0	1	4	0	58.16555	33.64045	0.02704164	0.1207557
6	incongruent_stay	CP3	4.82393	0	1	3	0	58.16555	33.64045	0.02704164	0.1207557
6	incongruent_stay	CPZ	3.019593	0	1	3	1	58.16555	33.64045	0.02704164	0.1207557
6	incongruent_stay	CZ	-0.975483	0	1	2	1	58.16555	33.64045	0.02704164	0.1207557
6	incongruent_stay	FC4	-1.319133	0	1	1	2	58.16555	33.64045	0.02704164	0.1207557
6	incongruent_stay	C3	3.219088	0	1	2	0	58.16555	33.64045	0.02704164	0.1207557
6	incongruent_stay	FCZ	-4.741254	0	1	1	1	58.16555	33.64045	0.02704164	0.1207557
6	incongruent_stay	FZ	-4.674014	0	1	0	1	58.16555	33.64045	0.02704164	0.1207557
6	incongruent_stay	F4	-3.884897	0	1	0	2	58.16555	33.64045	0.02704164	0.1207557
6	incongruent_stay	FC3	0.128888	0	1	1	0	58.16555	33.64045	0.02704164	0.1207557
6	incongruent_stay	F3	-1.803594	0	1	0	0	58.16555	33.64045	0.02704164	0.1207557
6	incongruent_switch	PZ	8.735538	1	1	4	1	58.16555	33.64045	0.02704164	0.1207557
6	incongruent_switch	P4	9.893956	1	1	4	2	58.16555	33.64045	0.02704164	0.1207557
6	incongruent_switch	CP4	6.035854	1	1	3	2	58.16555	33.64045	0.02704164	0.1207557
6	incongruent_switch	C4	2.041563	1	1	2	2	58.16555	33.64045	0.02704164	0.1207557
6	incongruent_switch	P3	8.548294	1	1	4	0	58.16555	33.64045	0.02704164	0.1207557
6	incongruent_switch	CP3	4.281738	1	1	3	0	58.16555	33.64045	0.02704164	0.1207557
6	incongruent_switch	CPZ	3.807286	1	1	3	1	58.16555	33.64045	0.02704164	0.1207557
6	incongruent_switch	CZ	-0.651013	1	1	2	1	58.16555	33.64045	0.02704164	0.1207557
6	incongruent_switch	FC4	-1.640962	1	1	1	2	58.16555	33.64045	0.02704164	0.1207557
6	incongruent_switch	C3	1.950192	1	1	2	0	58.16555	33.64045	0.02704164	0.1207557
6	incongruent_switch	FCZ	-5.320561	1	1	1	1	58.16555	33.64045	0.02704164	0.1207557
6	incongruent_switch	FZ	-6.512593	1	1	0	1	58.16555	33.64045	0.02704164	0.1207557
6	incongruent_switch	F4	-5.841836	1	1	0	2	58.16555	33.64045	0.02704164	0.1207557
6	incongruent_switch	FC3	-2.048358	1	1	1	0	58.16555	33.64045	0.02704164	0.1207557
6	incongruent_switch	F3	-4.108813	1	1	0	0	58.16555	33.64045	0.02704164	0.1207557
7	congruent_stay	PZ	9.581378	0	0	4	1	42.6176	169.9955	0.285930433	1.2286988
7	congruent_stay	P4	10.119043	0	0	4	2	42.6176	169.9955	0.285930433	1.2286988
7	congruent_stay	CP4	7.5708	0	0	3	2	42.6176	169.9955	0.285930433	1.2286988
7	congruent_stay	C4	2.717509	0	0	2	2	42.6176	169.9955	0.285930433	1.2286988
7	congruent_stay	P3	9.731462	0	0	4	0	42.6176	169.9955	0.285930433	1.2286988
7	congruent_stay	CP3	7.637696	0	0	3	0	42.6176	169.9955	0.285930433	1.2286988
7	congruent_stay	CPZ	5.472782	0	0	3	1	42.6176	169.9955	0.285930433	1.2286988
7	congruent_stay	CZ	1.804137	0	0	2	1	42.6176	169.9955	0.285930433	1.2286988
7	congruent_stay	FC4	-0.610191	0	0	1	2	42.6176	169.9955	0.285930433	1.2286988
7	congruent_stay	C3	4.243765	0	0	2	0	42.6176	169.9955	0.285930433	1.2286988
7	congruent_stay	FCZ	-3.862645	0	0	1	1	42.6176	169.9955	0.285930433	1.2286988
7	congruent_stay	FZ	-4.907612	0	0	0	1	42.6176	169.9955	0.285930433	1.2286988
7	congruent_stay	F4	-4.598923	0	0	0	2	42.6176	169.9955	0.285930433	1.2286988
7	congruent_stay	FC3	-0.553793	0	0	1	0	42.6176	169.9955	0.285930433	1.2286988
7	congruent_stay	F3	-3.553742	0	0	0	0	42.6176	169.9955	0.285930433	1.2286988
7	congruent_switch	PZ	6.814716	1	0	4	1	42.6176	169.9955	0.285930433	1.2286988
7	congruent_switch	P4	8.841207	1	0	4	2	42.6176	169.9955	0.285930433	1.2286988
7	congruent_switch	CP4	6.653568	1	0	3	2	42.6176	169.9955	0.285930433	1.2286988
7	congruent_switch	C4	2.776067	1	0	2	2	42.6176	169.9955	0.285930433	1.2286988
7	congruent_switch	P3	8.604879	1	0	4	0	42.6176	169.9955	0.285930433	1.2286988
7	congruent_switch	CP3	6.36655	1	0	3	0	42.6176	169.9955	0.285930433	1.2286988
7	congruent_switch	CPZ	3.659314	1	0	3	1	42.6176	169.9955	0.285930433	1.2286988
7	congruent_switch	CZ	0.658138	1	0	2	1	42.6176	169.9955	0.285930433	1.2286988
7	congruent_switch	FC4	-0.17059	1	0	1	2	42.6176	169.9955	0.285930433	1.2286988
7	congruent_switch	C3	3.719926	1	0	2	0	42.6176	169.9955	0.285930433	1.2286988
7	congruent_switch	FCZ	-2.487356	1	0	1	1	42.6176	169.9955	0.285930433	1.2286988
7	congruent_switch	FZ	-2.888373	1	0	0	1	42.6176	169.9955	0.285930433	1.2286988
7	congruent_switch	F4	-3.231415	1	0	0	2	42.6176	169.9955	0.285930433	1.2286988
7	congruent_switch	FC3	0.088358	1	0	1	0	42.6176	169.9955	0.285930433	1.2286988
7	congruent_switch	F3	-2.390258	1	0	0	0	42.6176	169.9955	0.285930433	1.2286988
7	incongruent_stay	PZ	5.913115	0	1	4	1	42.6176	169.9955	0.285930433	1.2286988
7	incongruent_stay	P4	4.450017	0	1	4	2	42.6176	169.9955	0.285930433	1.2286988
7	incongruent_stay	CP4	1.627295	0	1	3	2	42.6176	169.9955	0.285930433	1.2286988
7	incongruent_stay	C4	-2.02023	0	1	2	2	42.6176	169.9955	0.285930433	1.2286988
7	incongruent_stay	P3	6.793467	0	1	4	0	42.6176	169.9955	0.285930433	1.2286988
7	incongruent_stay	CP3	3.491369	0	1	3	0	42.6176	169.9955	0.285930433	1.2286988
7	incongruent_stay	CPZ	0.57466	0	1	3	1	42.6176	169.9955	0.285930433	1.2286988
7	incongruent_stay	CZ	-3.600112	0	1	2	1	42.6176	169.9955	0.285930433	1.2286988
7	incongruent_stay	FC4	-4.132595	0	1	1	2	42.6176	169.9955	0.285930433	1.2286988
7	incongruent_stay	C3	0.350445	0	1	2	0	42.6176	169.9955	0.285930433	1.2286988
7	incongruent_stay	FCZ	-6.891726	0	1	1	1	42.6176	169.9955	0.285930433	1.2286988
7	incongruent_stay	FZ	-7.952809	0	1	0	1	42.6176	169.9955	0.285930433	1.2286988
7	incongruent_stay	F4	-7.186706	0	1	0	2	42.6176	169.9955	0.285930433	1.2286988
7	incongruent_stay	FC3	-3.290907	0	1	1	0	42.6176	169.9955	0.285930433	1.2286988
7	incongruent_stay	F3	-5.789552	0	1	0	0	42.6176	169.9955	0.285930433	1.2286988
7	incongruent_switch	PZ	5.462677	1	1	4	1	42.6176	169.9955	0.285930433	1.2286988
7	incongruent_switch	P4	6.017938	1	1	4	2	42.6176	169.9955	0.285930433	1.2286988
7	incongruent_switch	CP4	2.87558	1	1	3	2	42.6176	169.9955	0.285930433	1.2286988
7	incongruent_switch	C4	-0.501414	1	1	2	2	42.6176	169.9955	0.285930433	1.2286988
7	incongruent_switch	P3	7.052148	1	1	4	0	42.6176	169.9955	0.285930433	1.2286988
7	incongruent_switch	CP3	3.725471	1	1	3	0	42.6176	169.9955	0.285930433	1.2286988
7	incongruent_switch	CPZ	1.323944	1	1	3	1	42.6176	169.9955	0.285930433	1.2286988
7	incongruent_switch	CZ	-2.369286	1	1	2	1	42.6176	169.9955	0.285930433	1.2286988
7	incongruent_switch	FC4	-2.954628	1	1	1	2	42.6176	169.9955	0.285930433	1.2286988
7	incongruent_switch	C3	0.863664	1	1	2	0	42.6176	169.9955	0.285930433	1.2286988
7	incongruent_switch	FCZ	-4.718759	1	1	1	1	42.6176	169.9955	0.285930433	1.2286988
7	incongruent_switch	FZ	-5.565221	1	1	0	1	42.6176	169.9955	0.285930433	1.2286988
7	incongruent_switch	F4	-6.137273	1	1	0	2	42.6176	169.9955	0.285930433	1.2286988
7	incongruent_switch	FC3	-2.523393	1	1	1	0	42.6176	169.9955	0.285930433	1.2286988
7	incongruent_switch	F3	-4.873189	1	1	0	0	42.6176	169.9955	0.285930433	1.2286988
8	congruent_stay	PZ	-4.112013	0	0	4	1	72.6511	164.5831	0.22150265	0.8665065
8	congruent_stay	P4	3.479377	0	0	4	2	72.6511	164.5831	0.22150265	0.8665065
8	congruent_stay	CP4	0.065224	0	0	3	2	72.6511	164.5831	0.22150265	0.8665065
8	congruent_stay	C4	-4.537629	0	0	2	2	72.6511	164.5831	0.22150265	0.8665065
8	congruent_stay	P3	1.743957	0	0	4	0	72.6511	164.5831	0.22150265	0.8665065
8	congruent_stay	CP3	-2.696901	0	0	3	0	72.6511	164.5831	0.22150265	0.8665065
8	congruent_stay	CPZ	-4.164416	0	0	3	1	72.6511	164.5831	0.22150265	0.8665065
8	congruent_stay	CZ	-4.141301	0	0	2	1	72.6511	164.5831	0.22150265	0.8665065
8	congruent_stay	FC4	-7.463804	0	0	1	2	72.6511	164.5831	0.22150265	0.8665065
8	congruent_stay	C3	-6.566611	0	0	2	0	72.6511	164.5831	0.22150265	0.8665065
8	congruent_stay	FCZ	-11.558104	0	0	1	1	72.6511	164.5831	0.22150265	0.8665065
8	congruent_stay	FZ	-11.503274	0	0	0	1	72.6511	164.5831	0.22150265	0.8665065
8	congruent_stay	F4	-9.831652	0	0	0	2	72.6511	164.5831	0.22150265	0.8665065
8	congruent_stay	FC3	-10.685069	0	0	1	0	72.6511	164.5831	0.22150265	0.8665065
8	congruent_stay	F3	-11.446391	0	0	0	0	72.6511	164.5831	0.22150265	0.8665065
8	congruent_switch	PZ	2.965062	1	0	4	1	72.6511	164.5831	0.22150265	0.8665065
8	congruent_switch	P4	9.78394	1	0	4	2	72.6511	164.5831	0.22150265	0.8665065
8	congruent_switch	CP4	6.198541	1	0	3	2	72.6511	164.5831	0.22150265	0.8665065
8	congruent_switch	C4	0.835161	1	0	2	2	72.6511	164.5831	0.22150265	0.8665065
8	congruent_switch	P3	7.008925	1	0	4	0	72.6511	164.5831	0.22150265	0.8665065
8	congruent_switch	CP3	0.955789	1	0	3	0	72.6511	164.5831	0.22150265	0.8665065
8	congruent_switch	CPZ	2.867321	1	0	3	1	72.6511	164.5831	0.22150265	0.8665065
8	congruent_switch	CZ	2.922137	1	0	2	1	72.6511	164.5831	0.22150265	0.8665065
8	congruent_switch	FC4	-3.852606	1	0	1	2	72.6511	164.5831	0.22150265	0.8665065
8	congruent_switch	C3	-2.938274	1	0	2	0	72.6511	164.5831	0.22150265	0.8665065
8	congruent_switch	FCZ	-7.740411	1	0	1	1	72.6511	164.5831	0.22150265	0.8665065
8	congruent_switch	FZ	-7.772528	1	0	0	1	72.6511	164.5831	0.22150265	0.8665065
8	congruent_switch	F4	-7.443107	1	0	0	2	72.6511	164.5831	0.22150265	0.8665065
8	congruent_switch	FC3	-7.628461	1	0	1	0	72.6511	164.5831	0.22150265	0.8665065
8	congruent_switch	F3	-8.828665	1	0	0	0	72.6511	164.5831	0.22150265	0.8665065
8	incongruent_stay	PZ	-3.026908	0	1	4	1	72.6511	164.5831	0.22150265	0.8665065
8	incongruent_stay	P4	3.338062	0	1	4	2	72.6511	164.5831	0.22150265	0.8665065
8	incongruent_stay	CP4	0.633393	0	1	3	2	72.6511	164.5831	0.22150265	0.8665065
8	incongruent_stay	C4	-3.261236	0	1	2	2	72.6511	164.5831	0.22150265	0.8665065
8	incongruent_stay	P3	1.196963	0	1	4	0	72.6511	164.5831	0.22150265	0.8665065
8	incongruent_stay	CP3	-2.554349	0	1	3	0	72.6511	164.5831	0.22150265	0.8665065
8	incongruent_stay	CPZ	-3.026628	0	1	3	1	72.6511	164.5831	0.22150265	0.8665065
8	incongruent_stay	CZ	-3.060478	0	1	2	1	72.6511	164.5831	0.22150265	0.8665065
8	incongruent_stay	FC4	-5.90537	0	1	1	2	72.6511	164.5831	0.22150265	0.8665065
8	incongruent_stay	C3	-5.880315	0	1	2	0	72.6511	164.5831	0.22150265	0.8665065
8	incongruent_stay	FCZ	-9.974631	0	1	1	1	72.6511	164.5831	0.22150265	0.8665065
8	incongruent_stay	FZ	-9.988039	0	1	0	1	72.6511	164.5831	0.22150265	0.8665065
8	incongruent_stay	F4	-8.344176	0	1	0	2	72.6511	164.5831	0.22150265	0.8665065
8	incongruent_stay	FC3	-8.647635	0	1	1	0	72.6511	164.5831	0.22150265	0.8665065
8	incongruent_stay	F3	-8.961789	0	1	0	0	72.6511	164.5831	0.22150265	0.8665065
8	incongruent_switch	PZ	1.421592	1	1	4	1	72.6511	164.5831	0.22150265	0.8665065
8	incongruent_switch	P4	6.88528	1	1	4	2	72.6511	164.5831	0.22150265	0.8665065
8	incongruent_switch	CP4	4.216682	1	1	3	2	72.6511	164.5831	0.22150265	0.8665065
8	incongruent_switch	C4	0.371148	1	1	2	2	72.6511	164.5831	0.22150265	0.8665065
8	incongruent_switch	P3	4.192472	1	1	4	0	72.6511	164.5831	0.22150265	0.8665065
8	incongruent_switch	CP3	0.080691	1	1	3	0	72.6511	164.5831	0.22150265	0.8665065
8	incongruent_switch	CPZ	1.386413	1	1	3	1	72.6511	164.5831	0.22150265	0.8665065
8	incongruent_switch	CZ	1.391073	1	1	2	1	72.6511	164.5831	0.22150265	0.8665065
8	incongruent_switch	FC4	-3.411002	1	1	1	2	72.6511	164.5831	0.22150265	0.8665065
8	incongruent_switch	C3	-2.383742	1	1	2	0	72.6511	164.5831	0.22150265	0.8665065
8	incongruent_switch	FCZ	-7.151652	1	1	1	1	72.6511	164.5831	0.22150265	0.8665065
8	incongruent_switch	FZ	-7.11348	1	1	0	1	72.6511	164.5831	0.22150265	0.8665065
8	incongruent_switch	F4	-5.617511	1	1	0	2	72.6511	164.5831	0.22150265	0.8665065
8	incongruent_switch	FC3	-5.366049	1	1	1	0	72.6511	164.5831	0.22150265	0.8665065
8	incongruent_switch	F3	-6.275328	1	1	0	0	72.6511	164.5831	0.22150265	0.8665065
9	congruent_stay	PZ	3.134162	0	0	4	1	181.27775	262.83935	0.127571016	0.7678545
9	congruent_stay	P4	3.942575	0	0	4	2	181.27775	262.83935	0.127571016	0.7678545
9	congruent_stay	CP4	2.740432	0	0	3	2	181.27775	262.83935	0.127571016	0.7678545
9	congruent_stay	C4	1.817767	0	0	2	2	181.27775	262.83935	0.127571016	0.7678545
9	congruent_stay	P3	4.955877	0	0	4	0	181.27775	262.83935	0.127571016	0.7678545
9	congruent_stay	CP3	2.927784	0	0	3	0	181.27775	262.83935	0.127571016	0.7678545
9	congruent_stay	CPZ	2.253522	0	0	3	1	181.27775	262.83935	0.127571016	0.7678545
9	congruent_stay	CZ	2.013144	0	0	2	1	181.27775	262.83935	0.127571016	0.7678545
9	congruent_stay	FC4	1.496099	0	0	1	2	181.27775	262.83935	0.127571016	0.7678545
9	congruent_stay	C3	2.087892	0	0	2	0	181.27775	262.83935	0.127571016	0.7678545
9	congruent_stay	FCZ	1.694242	0	0	1	1	181.27775	262.83935	0.127571016	0.7678545
9	congruent_stay	FZ	0.813333	0	0	0	1	181.27775	262.83935	0.127571016	0.7678545
9	congruent_stay	F4	0.669237	0	0	0	2	181.27775	262.83935	0.127571016	0.7678545
9	congruent_stay	FC3	1.606049	0	0	1	0	181.27775	262.83935	0.127571016	0.7678545
9	congruent_stay	F3	0.778689	0	0	0	0	181.27775	262.83935	0.127571016	0.7678545
9	congruent_switch	PZ	3.950345	1	0	4	1	181.27775	262.83935	0.127571016	0.7678545
9	congruent_switch	P4	4.049395	1	0	4	2	181.27775	262.83935	0.127571016	0.7678545
9	congruent_switch	CP4	2.953968	1	0	3	2	181.27775	262.83935	0.127571016	0.7678545
9	congruent_switch	C4	2.399352	1	0	2	2	181.27775	262.83935	0.127571016	0.7678545
9	congruent_switch	P3	4.343404	1	0	4	0	181.27775	262.83935	0.127571016	0.7678545
9	congruent_switch	CP3	3.274667	1	0	3	0	181.27775	262.83935	0.127571016	0.7678545
9	congruent_switch	CPZ	2.270628	1	0	3	1	181.27775	262.83935	0.127571016	0.7678545
9	congruent_switch	CZ	2.177123	1	0	2	1	181.27775	262.83935	0.127571016	0.7678545
9	congruent_switch	FC4	2.201117	1	0	1	2	181.27775	262.83935	0.127571016	0.7678545
9	congruent_switch	C3	2.654597	1	0	2	0	181.27775	262.83935	0.127571016	0.7678545
9	congruent_switch	FCZ	2.096058	1	0	1	1	181.27775	262.83935	0.127571016	0.7678545
9	congruent_switch	FZ	1.686059	1	0	0	1	181.27775	262.83935	0.127571016	0.7678545
9	congruent_switch	F4	1.602419	1	0	0	2	181.27775	262.83935	0.127571016	0.7678545
9	congruent_switch	FC3	2.531469	1	0	1	0	181.27775	262.83935	0.127571016	0.7678545
9	congruent_switch	F3	1.572693	1	0	0	0	181.27775	262.83935	0.127571016	0.7678545
9	incongruent_stay	PZ	0.010251	0	1	4	1	181.27775	262.83935	0.127571016	0.7678545
9	incongruent_stay	P4	1.361603	0	1	4	2	181.27775	262.83935	0.127571016	0.7678545
9	incongruent_stay	CP4	0.376271	0	1	3	2	181.27775	262.83935	0.127571016	0.7678545
9	incongruent_stay	C4	0.383645	0	1	2	2	181.27775	262.83935	0.127571016	0.7678545
9	incongruent_stay	P3	0.075694	0	1	4	0	181.27775	262.83935	0.127571016	0.7678545
9	incongruent_stay	CP3	-0.443425	0	1	3	0	181.27775	262.83935	0.127571016	0.7678545
9	incongruent_stay	CPZ	-1.319185	0	1	3	1	181.27775	262.83935	0.127571016	0.7678545
9	incongruent_stay	CZ	-1.326041	0	1	2	1	181.27775	262.83935	0.127571016	0.7678545
9	incongruent_stay	FC4	-0.302356	0	1	1	2	181.27775	262.83935	0.127571016	0.7678545
9	incongruent_stay	C3	-0.692108	0	1	2	0	181.27775	262.83935	0.127571016	0.7678545
9	incongruent_stay	FCZ	-1.324204	0	1	1	1	181.27775	262.83935	0.127571016	0.7678545
9	incongruent_stay	FZ	-1.512258	0	1	0	1	181.27775	262.83935	0.127571016	0.7678545
9	incongruent_stay	F4	-1.238616	0	1	0	2	181.27775	262.83935	0.127571016	0.7678545
9	incongruent_stay	FC3	-0.73728	0	1	1	0	181.27775	262.83935	0.127571016	0.7678545
9	incongruent_stay	F3	-1.445264	0	1	0	0	181.27775	262.83935	0.127571016	0.7678545
9	incongruent_switch	PZ	2.657821	1	1	4	1	181.27775	262.83935	0.127571016	0.7678545
9	incongruent_switch	P4	3.915271	1	1	4	2	181.27775	262.83935	0.127571016	0.7678545
9	incongruent_switch	CP4	3.595186	1	1	3	2	181.27775	262.83935	0.127571016	0.7678545
9	incongruent_switch	C4	3.748835	1	1	2	2	181.27775	262.83935	0.127571016	0.7678545
9	incongruent_switch	P3	3.471518	1	1	4	0	181.27775	262.83935	0.127571016	0.7678545
9	incongruent_switch	CP3	2.89385	1	1	3	0	181.27775	262.83935	0.127571016	0.7678545
9	incongruent_switch	CPZ	1.912498	1	1	3	1	181.27775	262.83935	0.127571016	0.7678545
9	incongruent_switch	CZ	2.583316	1	1	2	1	181.27775	262.83935	0.127571016	0.7678545
9	incongruent_switch	FC4	4.16116	1	1	1	2	181.27775	262.83935	0.127571016	0.7678545
9	incongruent_switch	C3	2.98594	1	1	2	0	181.27775	262.83935	0.127571016	0.7678545
9	incongruent_switch	FCZ	3.328321	1	1	1	1	181.27775	262.83935	0.127571016	0.7678545
9	incongruent_switch	FZ	3.645874	1	1	0	1	181.27775	262.83935	0.127571016	0.7678545
9	incongruent_switch	F4	4.22046	1	1	0	2	181.27775	262.83935	0.127571016	0.7678545
9	incongruent_switch	FC3	3.898391	1	1	1	0	181.27775	262.83935	0.127571016	0.7678545
9	incongruent_switch	F3	4.081495	1	1	0	0	181.27775	262.83935	0.127571016	0.7678545
11	congruent_stay	PZ	1.059605	0	0	4	1	110.51785	171.14545	0.191008977	0.8682458
11	congruent_stay	P4	0.422982	0	0	4	2	110.51785	171.14545	0.191008977	0.8682458
11	congruent_stay	CP4	-0.715423	0	0	3	2	110.51785	171.14545	0.191008977	0.8682458
11	congruent_stay	C4	-1.628313	0	0	2	2	110.51785	171.14545	0.191008977	0.8682458
11	congruent_stay	P3	0.687678	0	0	4	0	110.51785	171.14545	0.191008977	0.8682458
11	congruent_stay	CP3	-0.164522	0	0	3	0	110.51785	171.14545	0.191008977	0.8682458
11	congruent_stay	CPZ	0.076352	0	0	3	1	110.51785	171.14545	0.191008977	0.8682458
11	congruent_stay	CZ	-1.256104	0	0	2	1	110.51785	171.14545	0.191008977	0.8682458
11	congruent_stay	FC4	-1.965044	0	0	1	2	110.51785	171.14545	0.191008977	0.8682458
11	congruent_stay	C3	-0.586388	0	0	2	0	110.51785	171.14545	0.191008977	0.8682458
11	congruent_stay	FCZ	-2.283061	0	0	1	1	110.51785	171.14545	0.191008977	0.8682458
11	congruent_stay	FZ	-2.857264	0	0	0	1	110.51785	171.14545	0.191008977	0.8682458
11	congruent_stay	F4	-2.714226	0	0	0	2	110.51785	171.14545	0.191008977	0.8682458
11	congruent_stay	FC3	-1.567007	0	0	1	0	110.51785	171.14545	0.191008977	0.8682458
11	congruent_stay	F3	-2.575825	0	0	0	0	110.51785	171.14545	0.191008977	0.8682458
11	congruent_switch	PZ	0.733793	1	0	4	1	110.51785	171.14545	0.191008977	0.8682458
11	congruent_switch	P4	0.895187	1	0	4	2	110.51785	171.14545	0.191008977	0.8682458
11	congruent_switch	CP4	-0.380222	1	0	3	2	110.51785	171.14545	0.191008977	0.8682458
11	congruent_switch	C4	-0.732808	1	0	2	2	110.51785	171.14545	0.191008977	0.8682458
11	congruent_switch	P3	0.470077	1	0	4	0	110.51785	171.14545	0.191008977	0.8682458
11	congruent_switch	CP3	-0.46664	1	0	3	0	110.51785	171.14545	0.191008977	0.8682458
11	congruent_switch	CPZ	0.647077	1	0	3	1	110.51785	171.14545	0.191008977	0.8682458
11	congruent_switch	CZ	-0.914293	1	0	2	1	110.51785	171.14545	0.191008977	0.8682458
11	congruent_switch	FC4	-1.123367	1	0	1	2	110.51785	171.14545	0.191008977	0.8682458
11	congruent_switch	C3	-0.549691	1	0	2	0	110.51785	171.14545	0.191008977	0.8682458
11	congruent_switch	FCZ	-2.524662	1	0	1	1	110.51785	171.14545	0.191008977	0.8682458
11	congruent_switch	FZ	-3.557986	1	0	0	1	110.51785	171.14545	0.191008977	0.8682458
11	congruent_switch	F4	-3.158209	1	0	0	2	110.51785	171.14545	0.191008977	0.8682458
11	congruent_switch	FC3	-2.091787	1	0	1	0	110.51785	171.14545	0.191008977	0.8682458
11	congruent_switch	F3	-2.9201	1	0	0	0	110.51785	171.14545	0.191008977	0.8682458
11	incongruent_stay	PZ	0.861974	0	1	4	1	110.51785	171.14545	0.191008977	0.8682458
11	incongruent_stay	P4	0.848374	0	1	4	2	110.51785	171.14545	0.191008977	0.8682458
11	incongruent_stay	CP4	-0.519688	0	1	3	2	110.51785	171.14545	0.191008977	0.8682458
11	incongruent_stay	C4	-0.887049	0	1	2	2	110.51785	171.14545	0.191008977	0.8682458
11	incongruent_stay	P3	-0.344091	0	1	4	0	110.51785	171.14545	0.191008977	0.8682458
11	incongruent_stay	CP3	-1.089173	0	1	3	0	110.51785	171.14545	0.191008977	0.8682458
11	incongruent_stay	CPZ	-0.149656	0	1	3	1	110.51785	171.14545	0.191008977	0.8682458
11	incongruent_stay	CZ	-1.132561	0	1	2	1	110.51785	171.14545	0.191008977	0.8682458
11	incongruent_stay	FC4	-1.884084	0	1	1	2	110.51785	171.14545	0.191008977	0.8682458
11	incongruent_stay	C3	-1.617179	0	1	2	0	110.51785	171.14545	0.191008977	0.8682458
11	incongruent_stay	FCZ	-2.317738	0	1	1	1	110.51785	171.14545	0.191008977	0.8682458
11	incongruent_stay	FZ	-3.85149	0	1	0	1	110.51785	171.14545	0.191008977	0.8682458
11	incongruent_stay	F4	-3.016654	0	1	0	2	110.51785	171.14545	0.191008977	0.8682458
11	incongruent_stay	FC3	-1.965826	0	1	1	0	110.51785	171.14545	0.191008977	0.8682458
11	incongruent_stay	F3	-4.446097	0	1	0	0	110.51785	171.14545	0.191008977	0.8682458
11	incongruent_switch	PZ	3.135812	1	1	4	1	110.51785	171.14545	0.191008977	0.8682458
11	incongruent_switch	P4	2.228932	1	1	4	2	110.51785	171.14545	0.191008977	0.8682458
11	incongruent_switch	CP4	2.049455	1	1	3	2	110.51785	171.14545	0.191008977	0.8682458
11	incongruent_switch	C4	1.387869	1	1	2	2	110.51785	171.14545	0.191008977	0.8682458
11	incongruent_switch	P3	2.16142	1	1	4	0	110.51785	171.14545	0.191008977	0.8682458
11	incongruent_switch	CP3	2.343825	1	1	3	0	110.51785	171.14545	0.191008977	0.8682458
11	incongruent_switch	CPZ	3.50924	1	1	3	1	110.51785	171.14545	0.191008977	0.8682458
11	incongruent_switch	CZ	2.954125	1	1	2	1	110.51785	171.14545	0.191008977	0.8682458
11	incongruent_switch	FC4	0.530726	1	1	1	2	110.51785	171.14545	0.191008977	0.8682458
11	incongruent_switch	C3	2.786589	1	1	2	0	110.51785	171.14545	0.191008977	0.8682458
11	incongruent_switch	FCZ	1.584066	1	1	1	1	110.51785	171.14545	0.191008977	0.8682458
11	incongruent_switch	FZ	0.270665	1	1	0	1	110.51785	171.14545	0.191008977	0.8682458
11	incongruent_switch	F4	0.014223	1	1	0	2	110.51785	171.14545	0.191008977	0.8682458
11	incongruent_switch	FC3	1.417905	1	1	1	0	110.51785	171.14545	0.191008977	0.8682458
11	incongruent_switch	F3	0.539167	1	1	0	0	110.51785	171.14545	0.191008977	0.8682458
14	congruent_stay	PZ	14.995924	0	0	4	1	95.75085	136.67945	0.2124844	0.8561086
14	congruent_stay	P4	10.75384	0	0	4	2	95.75085	136.67945	0.2124844	0.8561086
14	congruent_stay	CP4	7.654578	0	0	3	2	95.75085	136.67945	0.2124844	0.8561086
14	congruent_stay	C4	4.889231	0	0	2	2	95.75085	136.67945	0.2124844	0.8561086
14	congruent_stay	P3	13.847681	0	0	4	0	95.75085	136.67945	0.2124844	0.8561086
14	congruent_stay	CP3	11.306858	0	0	3	0	95.75085	136.67945	0.2124844	0.8561086
14	congruent_stay	CPZ	13.41908	0	0	3	1	95.75085	136.67945	0.2124844	0.8561086
14	congruent_stay	CZ	10.694499	0	0	2	1	95.75085	136.67945	0.2124844	0.8561086
14	congruent_stay	FC4	2.024176	0	0	1	2	95.75085	136.67945	0.2124844	0.8561086
14	congruent_stay	C3	8.844904	0	0	2	0	95.75085	136.67945	0.2124844	0.8561086
14	congruent_stay	FCZ	5.996548	0	0	1	1	95.75085	136.67945	0.2124844	0.8561086
14	congruent_stay	FZ	-0.769467	0	0	0	1	95.75085	136.67945	0.2124844	0.8561086
14	congruent_stay	F4	-1.713344	0	0	0	2	95.75085	136.67945	0.2124844	0.8561086
14	congruent_stay	FC3	4.052793	0	0	1	0	95.75085	136.67945	0.2124844	0.8561086
14	congruent_stay	F3	-0.373411	0	0	0	0	95.75085	136.67945	0.2124844	0.8561086
14	congruent_switch	PZ	17.05527	1	0	4	1	95.75085	136.67945	0.2124844	0.8561086
14	congruent_switch	P4	13.028512	1	0	4	2	95.75085	136.67945	0.2124844	0.8561086
14	congruent_switch	CP4	10.767497	1	0	3	2	95.75085	136.67945	0.2124844	0.8561086
14	congruent_switch	C4	8.01822	1	0	2	2	95.75085	136.67945	0.2124844	0.8561086
14	congruent_switch	P3	15.251143	1	0	4	0	95.75085	136.67945	0.2124844	0.8561086
14	congruent_switch	CP3	13.976014	1	0	3	0	95.75085	136.67945	0.2124844	0.8561086
14	congruent_switch	CPZ	16.095274	1	0	3	1	95.75085	136.67945	0.2124844	0.8561086
14	congruent_switch	CZ	14.193898	1	0	2	1	95.75085	136.67945	0.2124844	0.8561086
14	congruent_switch	FC4	5.41682	1	0	1	2	95.75085	136.67945	0.2124844	0.8561086
14	congruent_switch	C3	11.906098	1	0	2	0	95.75085	136.67945	0.2124844	0.8561086
14	congruent_switch	FCZ	10.308971	1	0	1	1	95.75085	136.67945	0.2124844	0.8561086
14	congruent_switch	FZ	3.366783	1	0	0	1	95.75085	136.67945	0.2124844	0.8561086
14	congruent_switch	F4	1.842199	1	0	0	2	95.75085	136.67945	0.2124844	0.8561086
14	congruent_switch	FC3	7.52718	1	0	1	0	95.75085	136.67945	0.2124844	0.8561086
14	congruent_switch	F3	3.042144	1	0	0	0	95.75085	136.67945	0.2124844	0.8561086
14	incongruent_stay	PZ	12.92052	0	1	4	1	95.75085	136.67945	0.2124844	0.8561086
14	incongruent_stay	P4	9.668644	0	1	4	2	95.75085	136.67945	0.2124844	0.8561086
14	incongruent_stay	CP4	6.90281	0	1	3	2	95.75085	136.67945	0.2124844	0.8561086
14	incongruent_stay	C4	5.019837	0	1	2	2	95.75085	136.67945	0.2124844	0.8561086
14	incongruent_stay	P3	11.550189	0	1	4	0	95.75085	136.67945	0.2124844	0.8561086
14	incongruent_stay	CP3	10.14807	0	1	3	0	95.75085	136.67945	0.2124844	0.8561086
14	incongruent_stay	CPZ	11.116749	0	1	3	1	95.75085	136.67945	0.2124844	0.8561086
14	incongruent_stay	CZ	8.512203	0	1	2	1	95.75085	136.67945	0.2124844	0.8561086
14	incongruent_stay	FC4	3.498636	0	1	1	2	95.75085	136.67945	0.2124844	0.8561086
14	incongruent_stay	C3	8.334946	0	1	2	0	95.75085	136.67945	0.2124844	0.8561086
14	incongruent_stay	FCZ	5.965098	0	1	1	1	95.75085	136.67945	0.2124844	0.8561086
14	incongruent_stay	FZ	1.187668	0	1	0	1	95.75085	136.67945	0.2124844	0.8561086
14	incongruent_stay	F4	1.257378	0	1	0	2	95.75085	136.67945	0.2124844	0.8561086
14	incongruent_stay	FC3	4.774347	0	1	1	0	95.75085	136.67945	0.2124844	0.8561086
14	incongruent_stay	F3	1.257816	0	1	0	0	95.75085	136.67945	0.2124844	0.8561086
14	incongruent_switch	PZ	12.728529	1	1	4	1	95.75085	136.67945	0.2124844	0.8561086
14	incongruent_switch	P4	9.165577	1	1	4	2	95.75085	136.67945	0.2124844	0.8561086
14	incongruent_switch	CP4	6.336149	1	1	3	2	95.75085	136.67945	0.2124844	0.8561086
14	incongruent_switch	C4	4.970098	1	1	2	2	95.75085	136.67945	0.2124844	0.8561086
14	incongruent_switch	P3	12.283735	1	1	4	0	95.75085	136.67945	0.2124844	0.8561086
14	incongruent_switch	CP3	11.11033	1	1	3	0	95.75085	136.67945	0.2124844	0.8561086
14	incongruent_switch	CPZ	11.226015	1	1	3	1	95.75085	136.67945	0.2124844	0.8561086
14	incongruent_switch	CZ	9.042421	1	1	2	1	95.75085	136.67945	0.2124844	0.8561086
14	incongruent_switch	FC4	4.326542	1	1	1	2	95.75085	136.67945	0.2124844	0.8561086
14	incongruent_switch	C3	9.173184	1	1	2	0	95.75085	136.67945	0.2124844	0.8561086
14	incongruent_switch	FCZ	6.822194	1	1	1	1	95.75085	136.67945	0.2124844	0.8561086
14	incongruent_switch	FZ	3.134397	1	1	0	1	95.75085	136.67945	0.2124844	0.8561086
14	incongruent_switch	F4	3.247706	1	1	0	2	95.75085	136.67945	0.2124844	0.8561086
14	incongruent_switch	FC3	6.774626	1	1	1	0	95.75085	136.67945	0.2124844	0.8561086
14	incongruent_switch	F3	4.420088	1	1	0	0	95.75085	136.67945	0.2124844	0.8561086
15	congruent_stay	PZ	8.915775	0	0	4	1	178.5134	272.1544	0.352636666	0.9790621
15	congruent_stay	P4	9.533555	0	0	4	2	178.5134	272.1544	0.352636666	0.9790621
15	congruent_stay	CP4	8.880592	0	0	3	2	178.5134	272.1544	0.352636666	0.9790621
15	congruent_stay	C4	7.58884	0	0	2	2	178.5134	272.1544	0.352636666	0.9790621
15	congruent_stay	P3	9.083306	0	0	4	0	178.5134	272.1544	0.352636666	0.9790621
15	congruent_stay	CP3	9.378562	0	0	3	0	178.5134	272.1544	0.352636666	0.9790621
15	congruent_stay	CPZ	9.126631	0	0	3	1	178.5134	272.1544	0.352636666	0.9790621
15	congruent_stay	CZ	7.328183	0	0	2	1	178.5134	272.1544	0.352636666	0.9790621
15	congruent_stay	FC4	7.303838	0	0	1	2	178.5134	272.1544	0.352636666	0.9790621
15	congruent_stay	C3	9.541931	0	0	2	0	178.5134	272.1544	0.352636666	0.9790621
15	congruent_stay	FCZ	4.915467	0	0	1	1	178.5134	272.1544	0.352636666	0.9790621
15	congruent_stay	FZ	1.789701	0	0	0	1	178.5134	272.1544	0.352636666	0.9790621
15	congruent_stay	F4	4.102421	0	0	0	2	178.5134	272.1544	0.352636666	0.9790621
15	congruent_stay	FC3	6.625755	0	0	1	0	178.5134	272.1544	0.352636666	0.9790621
15	congruent_stay	F3	2.915131	0	0	0	0	178.5134	272.1544	0.352636666	0.9790621
15	congruent_switch	PZ	8.47239	1	0	4	1	178.5134	272.1544	0.352636666	0.9790621
15	congruent_switch	P4	9.95833	1	0	4	2	178.5134	272.1544	0.352636666	0.9790621
15	congruent_switch	CP4	9.736133	1	0	3	2	178.5134	272.1544	0.352636666	0.9790621
15	congruent_switch	C4	8.538772	1	0	2	2	178.5134	272.1544	0.352636666	0.9790621
15	congruent_switch	P3	7.87083	1	0	4	0	178.5134	272.1544	0.352636666	0.9790621
15	congruent_switch	CP3	7.222491	1	0	3	0	178.5134	272.1544	0.352636666	0.9790621
15	congruent_switch	CPZ	8.520491	1	0	3	1	178.5134	272.1544	0.352636666	0.9790621
15	congruent_switch	CZ	7.069414	1	0	2	1	178.5134	272.1544	0.352636666	0.9790621
15	congruent_switch	FC4	7.309537	1	0	1	2	178.5134	272.1544	0.352636666	0.9790621
15	congruent_switch	C3	7.044661	1	0	2	0	178.5134	272.1544	0.352636666	0.9790621
15	congruent_switch	FCZ	4.69639	1	0	1	1	178.5134	272.1544	0.352636666	0.9790621
15	congruent_switch	FZ	2.38332	1	0	0	1	178.5134	272.1544	0.352636666	0.9790621
15	congruent_switch	F4	5.038506	1	0	0	2	178.5134	272.1544	0.352636666	0.9790621
15	congruent_switch	FC3	5.537268	1	0	1	0	178.5134	272.1544	0.352636666	0.9790621
15	congruent_switch	F3	3.00148	1	0	0	0	178.5134	272.1544	0.352636666	0.9790621
15	incongruent_stay	PZ	4.524313	0	1	4	1	178.5134	272.1544	0.352636666	0.9790621
15	incongruent_stay	P4	4.611357	0	1	4	2	178.5134	272.1544	0.352636666	0.9790621
15	incongruent_stay	CP4	4.328966	0	1	3	2	178.5134	272.1544	0.352636666	0.9790621
15	incongruent_stay	C4	3.440429	0	1	2	2	178.5134	272.1544	0.352636666	0.9790621
15	incongruent_stay	P3	5.839756	0	1	4	0	178.5134	272.1544	0.352636666	0.9790621
15	incongruent_stay	CP3	6.000144	0	1	3	0	178.5134	272.1544	0.352636666	0.9790621
15	incongruent_stay	CPZ	3.820679	0	1	3	1	178.5134	272.1544	0.352636666	0.9790621
15	incongruent_stay	CZ	2.514509	0	1	2	1	178.5134	272.1544	0.352636666	0.9790621
15	incongruent_stay	FC4	2.675732	0	1	1	2	178.5134	272.1544	0.352636666	0.9790621
15	incongruent_stay	C3	5.805345	0	1	2	0	178.5134	272.1544	0.352636666	0.9790621
15	incongruent_stay	FCZ	0.432243	0	1	1	1	178.5134	272.1544	0.352636666	0.9790621
15	incongruent_stay	FZ	-1.848202	0	1	0	1	178.5134	272.1544	0.352636666	0.9790621
15	incongruent_stay	F4	1.002552	0	1	0	2	178.5134	272.1544	0.352636666	0.9790621
15	incongruent_stay	FC3	4.082977	0	1	1	0	178.5134	272.1544	0.352636666	0.9790621
15	incongruent_stay	F3	0.331077	0	1	0	0	178.5134	272.1544	0.352636666	0.9790621
15	incongruent_switch	PZ	3.72815	1	1	4	1	178.5134	272.1544	0.352636666	0.9790621
15	incongruent_switch	P4	5.055802	1	1	4	2	178.5134	272.1544	0.352636666	0.9790621
15	incongruent_switch	CP4	5.094936	1	1	3	2	178.5134	272.1544	0.352636666	0.9790621
15	incongruent_switch	C4	5.156262	1	1	2	2	178.5134	272.1544	0.352636666	0.9790621
15	incongruent_switch	P3	5.984017	1	1	4	0	178.5134	272.1544	0.352636666	0.9790621
15	incongruent_switch	CP3	6.103147	1	1	3	0	178.5134	272.1544	0.352636666	0.9790621
15	incongruent_switch	CPZ	4.92978	1	1	3	1	178.5134	272.1544	0.352636666	0.9790621
15	incongruent_switch	CZ	3.886862	1	1	2	1	178.5134	272.1544	0.352636666	0.9790621
15	incongruent_switch	FC4	5.36413	1	1	1	2	178.5134	272.1544	0.352636666	0.9790621
15	incongruent_switch	C3	6.265846	1	1	2	0	178.5134	272.1544	0.352636666	0.9790621
15	incongruent_switch	FCZ	4.508843	1	1	1	1	178.5134	272.1544	0.352636666	0.9790621
15	incongruent_switch	FZ	1.790445	1	1	0	1	178.5134	272.1544	0.352636666	0.9790621
15	incongruent_switch	F4	2.912931	1	1	0	2	178.5134	272.1544	0.352636666	0.9790621
15	incongruent_switch	FC3	4.752671	1	1	1	0	178.5134	272.1544	0.352636666	0.9790621
15	incongruent_switch	F3	2.109644	1	1	0	0	178.5134	272.1544	0.352636666	0.9790621
16	congruent_stay	PZ	11.05145	0	0	4	1	85.20345	76.26035	0.118391912	0.4104777
16	congruent_stay	P4	6.510196	0	0	4	2	85.20345	76.26035	0.118391912	0.4104777
16	congruent_stay	CP4	6.100116	0	0	3	2	85.20345	76.26035	0.118391912	0.4104777
16	congruent_stay	C4	4.502304	0	0	2	2	85.20345	76.26035	0.118391912	0.4104777
16	congruent_stay	P3	9.581872	0	0	4	0	85.20345	76.26035	0.118391912	0.4104777
16	congruent_stay	CP3	9.646263	0	0	3	0	85.20345	76.26035	0.118391912	0.4104777
16	congruent_stay	CPZ	9.161024	0	0	3	1	85.20345	76.26035	0.118391912	0.4104777
16	congruent_stay	CZ	7.529323	0	0	2	1	85.20345	76.26035	0.118391912	0.4104777
16	congruent_stay	FC4	1.746313	0	0	1	2	85.20345	76.26035	0.118391912	0.4104777
16	congruent_stay	C3	8.970772	0	0	2	0	85.20345	76.26035	0.118391912	0.4104777
16	congruent_stay	FCZ	3.361465	0	0	1	1	85.20345	76.26035	0.118391912	0.4104777
16	congruent_stay	FZ	0.850702	0	0	0	1	85.20345	76.26035	0.118391912	0.4104777
16	congruent_stay	F4	-0.541685	0	0	0	2	85.20345	76.26035	0.118391912	0.4104777
16	congruent_stay	FC3	5.90029	0	0	1	0	85.20345	76.26035	0.118391912	0.4104777
16	congruent_stay	F3	2.83482	0	0	0	0	85.20345	76.26035	0.118391912	0.4104777
16	congruent_switch	PZ	10.799255	1	0	4	1	85.20345	76.26035	0.118391912	0.4104777
16	congruent_switch	P4	8.149748	1	0	4	2	85.20345	76.26035	0.118391912	0.4104777
16	congruent_switch	CP4	7.252098	1	0	3	2	85.20345	76.26035	0.118391912	0.4104777
16	congruent_switch	C4	5.98948	1	0	2	2	85.20345	76.26035	0.118391912	0.4104777
16	congruent_switch	P3	10.245695	1	0	4	0	85.20345	76.26035	0.118391912	0.4104777
16	congruent_switch	CP3	9.500054	1	0	3	0	85.20345	76.26035	0.118391912	0.4104777
16	congruent_switch	CPZ	8.484441	1	0	3	1	85.20345	76.26035	0.118391912	0.4104777
16	congruent_switch	CZ	7.896762	1	0	2	1	85.20345	76.26035	0.118391912	0.4104777
16	congruent_switch	FC4	3.709414	1	0	1	2	85.20345	76.26035	0.118391912	0.4104777
16	congruent_switch	C3	9.132274	1	0	2	0	85.20345	76.26035	0.118391912	0.4104777
16	congruent_switch	FCZ	4.966534	1	0	1	1	85.20345	76.26035	0.118391912	0.4104777
16	congruent_switch	FZ	2.402452	1	0	0	1	85.20345	76.26035	0.118391912	0.4104777
16	congruent_switch	F4	1.203213	1	0	0	2	85.20345	76.26035	0.118391912	0.4104777
16	congruent_switch	FC3	7.124029	1	0	1	0	85.20345	76.26035	0.118391912	0.4104777
16	congruent_switch	F3	4.552461	1	0	0	0	85.20345	76.26035	0.118391912	0.4104777
16	incongruent_stay	PZ	12.505739	0	1	4	1	85.20345	76.26035	0.118391912	0.4104777
16	incongruent_stay	P4	10.156377	0	1	4	2	85.20345	76.26035	0.118391912	0.4104777
16	incongruent_stay	CP4	8.243272	0	1	3	2	85.20345	76.26035	0.118391912	0.4104777
16	incongruent_stay	C4	6.14445	0	1	2	2	85.20345	76.26035	0.118391912	0.4104777
16	incongruent_stay	P3	12.381497	0	1	4	0	85.20345	76.26035	0.118391912	0.4104777
16	incongruent_stay	CP3	11.145729	0	1	3	0	85.20345	76.26035	0.118391912	0.4104777
16	incongruent_stay	CPZ	9.39694	0	1	3	1	85.20345	76.26035	0.118391912	0.4104777
16	incongruent_stay	CZ	8.887397	0	1	2	1	85.20345	76.26035	0.118391912	0.4104777
16	incongruent_stay	FC4	3.79233	0	1	1	2	85.20345	76.26035	0.118391912	0.4104777
16	incongruent_stay	C3	9.844836	0	1	2	0	85.20345	76.26035	0.118391912	0.4104777
16	incongruent_stay	FCZ	5.575697	0	1	1	1	85.20345	76.26035	0.118391912	0.4104777
16	incongruent_stay	FZ	1.956005	0	1	0	1	85.20345	76.26035	0.118391912	0.4104777
16	incongruent_stay	F4	0.854627	0	1	0	2	85.20345	76.26035	0.118391912	0.4104777
16	incongruent_stay	FC3	7.159741	0	1	1	0	85.20345	76.26035	0.118391912	0.4104777
16	incongruent_stay	F3	3.399605	0	1	0	0	85.20345	76.26035	0.118391912	0.4104777
16	incongruent_switch	PZ	7.459585	1	1	4	1	85.20345	76.26035	0.118391912	0.4104777
16	incongruent_switch	P4	7.953208	1	1	4	2	85.20345	76.26035	0.118391912	0.4104777
16	incongruent_switch	CP4	6.553733	1	1	3	2	85.20345	76.26035	0.118391912	0.4104777
16	incongruent_switch	C4	4.967444	1	1	2	2	85.20345	76.26035	0.118391912	0.4104777
16	incongruent_switch	P3	8.648375	1	1	4	0	85.20345	76.26035	0.118391912	0.4104777
16	incongruent_switch	CP3	7.458306	1	1	3	0	85.20345	76.26035	0.118391912	0.4104777
16	incongruent_switch	CPZ	4.782699	1	1	3	1	85.20345	76.26035	0.118391912	0.4104777
16	incongruent_switch	CZ	4.559165	1	1	2	1	85.20345	76.26035	0.118391912	0.4104777
16	incongruent_switch	FC4	3.359349	1	1	1	2	85.20345	76.26035	0.118391912	0.4104777
16	incongruent_switch	C3	6.889635	1	1	2	0	85.20345	76.26035	0.118391912	0.4104777
16	incongruent_switch	FCZ	2.755437	1	1	1	1	85.20345	76.26035	0.118391912	0.4104777
16	incongruent_switch	FZ	0.430201	1	1	0	1	85.20345	76.26035	0.118391912	0.4104777
16	incongruent_switch	F4	0.765054	1	1	0	2	85.20345	76.26035	0.118391912	0.4104777
16	incongruent_switch	FC3	5.398377	1	1	1	0	85.20345	76.26035	0.118391912	0.4104777
16	incongruent_switch	F3	2.213937	1	1	0	0	85.20345	76.26035	0.118391912	0.4104777
17	congruent_stay	PZ	10.685923	0	0	4	1	90.6187	166.3049	0.201957656	0.4653102
17	congruent_stay	P4	9.936731	0	0	4	2	90.6187	166.3049	0.201957656	0.4653102
17	congruent_stay	CP4	9.471804	0	0	3	2	90.6187	166.3049	0.201957656	0.4653102
17	congruent_stay	C4	6.804041	0	0	2	2	90.6187	166.3049	0.201957656	0.4653102
17	congruent_stay	P3	8.607876	0	0	4	0	90.6187	166.3049	0.201957656	0.4653102
17	congruent_stay	CP3	7.873153	0	0	3	0	90.6187	166.3049	0.201957656	0.4653102
17	congruent_stay	CPZ	10.856348	0	0	3	1	90.6187	166.3049	0.201957656	0.4653102
17	congruent_stay	CZ	5.947019	0	0	2	1	90.6187	166.3049	0.201957656	0.4653102
17	congruent_stay	FC4	3.386276	0	0	1	2	90.6187	166.3049	0.201957656	0.4653102
17	congruent_stay	C3	4.885559	0	0	2	0	90.6187	166.3049	0.201957656	0.4653102
17	congruent_stay	FCZ	2.063053	0	0	1	1	90.6187	166.3049	0.201957656	0.4653102
17	congruent_stay	FZ	0.124432	0	0	0	1	90.6187	166.3049	0.201957656	0.4653102
17	congruent_stay	F4	-0.582384	0	0	0	2	90.6187	166.3049	0.201957656	0.4653102
17	congruent_stay	FC3	2.527303	0	0	1	0	90.6187	166.3049	0.201957656	0.4653102
17	congruent_stay	F3	-0.175642	0	0	0	0	90.6187	166.3049	0.201957656	0.4653102
17	congruent_switch	PZ	12.820985	1	0	4	1	90.6187	166.3049	0.201957656	0.4653102
17	congruent_switch	P4	12.828374	1	0	4	2	90.6187	166.3049	0.201957656	0.4653102
17	congruent_switch	CP4	11.829975	1	0	3	2	90.6187	166.3049	0.201957656	0.4653102
17	congruent_switch	C4	8.881761	1	0	2	2	90.6187	166.3049	0.201957656	0.4653102
17	congruent_switch	P3	11.940455	1	0	4	0	90.6187	166.3049	0.201957656	0.4653102
17	congruent_switch	CP3	10.540846	1	0	3	0	90.6187	166.3049	0.201957656	0.4653102
17	congruent_switch	CPZ	12.524173	1	0	3	1	90.6187	166.3049	0.201957656	0.4653102
17	congruent_switch	CZ	8.189543	1	0	2	1	90.6187	166.3049	0.201957656	0.4653102
17	congruent_switch	FC4	4.415622	1	0	1	2	90.6187	166.3049	0.201957656	0.4653102
17	congruent_switch	C3	7.238308	1	0	2	0	90.6187	166.3049	0.201957656	0.4653102
17	congruent_switch	FCZ	3.307498	1	0	1	1	90.6187	166.3049	0.201957656	0.4653102
17	congruent_switch	FZ	-1.517721	1	0	0	1	90.6187	166.3049	0.201957656	0.4653102
17	congruent_switch	F4	0.078656	1	0	0	2	90.6187	166.3049	0.201957656	0.4653102
17	congruent_switch	FC3	3.723389	1	0	1	0	90.6187	166.3049	0.201957656	0.4653102
17	congruent_switch	F3	2.157389	1	0	0	0	90.6187	166.3049	0.201957656	0.4653102
17	incongruent_stay	PZ	8.773983	0	1	4	1	90.6187	166.3049	0.201957656	0.4653102
17	incongruent_stay	P4	9.178465	0	1	4	2	90.6187	166.3049	0.201957656	0.4653102
17	incongruent_stay	CP4	8.550414	0	1	3	2	90.6187	166.3049	0.201957656	0.4653102
17	incongruent_stay	C4	5.429662	0	1	2	2	90.6187	166.3049	0.201957656	0.4653102
17	incongruent_stay	P3	7.43697	0	1	4	0	90.6187	166.3049	0.201957656	0.4653102
17	incongruent_stay	CP3	6.988962	0	1	3	0	90.6187	166.3049	0.201957656	0.4653102
17	incongruent_stay	CPZ	7.655127	0	1	3	1	90.6187	166.3049	0.201957656	0.4653102
17	incongruent_stay	CZ	5.587932	0	1	2	1	90.6187	166.3049	0.201957656	0.4653102
17	incongruent_stay	FC4	4.172019	0	1	1	2	90.6187	166.3049	0.201957656	0.4653102
17	incongruent_stay	C3	5.125096	0	1	2	0	90.6187	166.3049	0.201957656	0.4653102
17	incongruent_stay	FCZ	3.251325	0	1	1	1	90.6187	166.3049	0.201957656	0.4653102
17	incongruent_stay	FZ	1.083678	0	1	0	1	90.6187	166.3049	0.201957656	0.4653102
17	incongruent_stay	F4	1.544099	0	1	0	2	90.6187	166.3049	0.201957656	0.4653102
17	incongruent_stay	FC3	3.019679	0	1	1	0	90.6187	166.3049	0.201957656	0.4653102
17	incongruent_stay	F3	1.669895	0	1	0	0	90.6187	166.3049	0.201957656	0.4653102
17	incongruent_switch	PZ	7.422989	1	1	4	1	90.6187	166.3049	0.201957656	0.4653102
17	incongruent_switch	P4	8.265489	1	1	4	2	90.6187	166.3049	0.201957656	0.4653102
17	incongruent_switch	CP4	6.606876	1	1	3	2	90.6187	166.3049	0.201957656	0.4653102
17	incongruent_switch	C4	3.615097	1	1	2	2	90.6187	166.3049	0.201957656	0.4653102
17	incongruent_switch	P3	7.308419	1	1	4	0	90.6187	166.3049	0.201957656	0.4653102
17	incongruent_switch	CP3	6.60979	1	1	3	0	90.6187	166.3049	0.201957656	0.4653102
17	incongruent_switch	CPZ	7.654301	1	1	3	1	90.6187	166.3049	0.201957656	0.4653102
17	incongruent_switch	CZ	4.060584	1	1	2	1	90.6187	166.3049	0.201957656	0.4653102
17	incongruent_switch	FC4	2.691122	1	1	1	2	90.6187	166.3049	0.201957656	0.4653102
17	incongruent_switch	C3	4.411442	1	1	2	0	90.6187	166.3049	0.201957656	0.4653102
17	incongruent_switch	FCZ	2.099537	1	1	1	1	90.6187	166.3049	0.201957656	0.4653102
17	incongruent_switch	FZ	-0.554276	1	1	0	1	90.6187	166.3049	0.201957656	0.4653102
17	incongruent_switch	F4	0.558952	1	1	0	2	90.6187	166.3049	0.201957656	0.4653102
17	incongruent_switch	FC3	1.840738	1	1	1	0	90.6187	166.3049	0.201957656	0.4653102
17	incongruent_switch	F3	-0.067564	1	1	0	0	90.6187	166.3049	0.201957656	0.4653102
18	congruent_stay	PZ	11.603575	0	0	4	1	104.48385	171.91755	0.339510756	0.7766918
18	congruent_stay	P4	10.606827	0	0	4	2	104.48385	171.91755	0.339510756	0.7766918
18	congruent_stay	CP4	10.073701	0	0	3	2	104.48385	171.91755	0.339510756	0.7766918
18	congruent_stay	C4	7.198621	0	0	2	2	104.48385	171.91755	0.339510756	0.7766918
18	congruent_stay	P3	9.805987	0	0	4	0	104.48385	171.91755	0.339510756	0.7766918
18	congruent_stay	CP3	8.575717	0	0	3	0	104.48385	171.91755	0.339510756	0.7766918
18	congruent_stay	CPZ	11.494062	0	0	3	1	104.48385	171.91755	0.339510756	0.7766918
18	congruent_stay	CZ	6.818775	0	0	2	1	104.48385	171.91755	0.339510756	0.7766918
18	congruent_stay	FC4	3.909392	0	0	1	2	104.48385	171.91755	0.339510756	0.7766918
18	congruent_stay	C3	5.680532	0	0	2	0	104.48385	171.91755	0.339510756	0.7766918
18	congruent_stay	FCZ	3.133839	0	0	1	1	104.48385	171.91755	0.339510756	0.7766918
18	congruent_stay	FZ	1.015716	0	0	0	1	104.48385	171.91755	0.339510756	0.7766918
18	congruent_stay	F4	0.10835	0	0	0	2	104.48385	171.91755	0.339510756	0.7766918
18	congruent_stay	FC3	3.297304	0	0	1	0	104.48385	171.91755	0.339510756	0.7766918
18	congruent_stay	F3	0.314795	0	0	0	0	104.48385	171.91755	0.339510756	0.7766918
18	congruent_switch	PZ	13.757485	1	0	4	1	104.48385	171.91755	0.339510756	0.7766918
18	congruent_switch	P4	14.075628	1	0	4	2	104.48385	171.91755	0.339510756	0.7766918
18	congruent_switch	CP4	13.276915	1	0	3	2	104.48385	171.91755	0.339510756	0.7766918
18	congruent_switch	C4	10.49755	1	0	2	2	104.48385	171.91755	0.339510756	0.7766918
18	congruent_switch	P3	12.670595	1	0	4	0	104.48385	171.91755	0.339510756	0.7766918
18	congruent_switch	CP3	11.606265	1	0	3	0	104.48385	171.91755	0.339510756	0.7766918
18	congruent_switch	CPZ	13.693971	1	0	3	1	104.48385	171.91755	0.339510756	0.7766918
18	congruent_switch	CZ	9.550687	1	0	2	1	104.48385	171.91755	0.339510756	0.7766918
18	congruent_switch	FC4	5.637062	1	0	1	2	104.48385	171.91755	0.339510756	0.7766918
18	congruent_switch	C3	7.863284	1	0	2	0	104.48385	171.91755	0.339510756	0.7766918
18	congruent_switch	FCZ	4.542259	1	0	1	1	104.48385	171.91755	0.339510756	0.7766918
18	congruent_switch	FZ	-0.415639	1	0	0	1	104.48385	171.91755	0.339510756	0.7766918
18	congruent_switch	F4	1.717735	1	0	0	2	104.48385	171.91755	0.339510756	0.7766918
18	congruent_switch	FC3	4.520277	1	0	1	0	104.48385	171.91755	0.339510756	0.7766918
18	congruent_switch	F3	3.013919	1	0	0	0	104.48385	171.91755	0.339510756	0.7766918
18	incongruent_stay	PZ	8.782608	0	1	4	1	104.48385	171.91755	0.339510756	0.7766918
18	incongruent_stay	P4	9.175847	0	1	4	2	104.48385	171.91755	0.339510756	0.7766918
18	incongruent_stay	CP4	8.53756	0	1	3	2	104.48385	171.91755	0.339510756	0.7766918
18	incongruent_stay	C4	5.43259	0	1	2	2	104.48385	171.91755	0.339510756	0.7766918
18	incongruent_stay	P3	7.438669	0	1	4	0	104.48385	171.91755	0.339510756	0.7766918
18	incongruent_stay	CP3	6.990489	0	1	3	0	104.48385	171.91755	0.339510756	0.7766918
18	incongruent_stay	CPZ	7.651973	0	1	3	1	104.48385	171.91755	0.339510756	0.7766918
18	incongruent_stay	CZ	5.583981	0	1	2	1	104.48385	171.91755	0.339510756	0.7766918
18	incongruent_stay	FC4	4.200747	0	1	1	2	104.48385	171.91755	0.339510756	0.7766918
18	incongruent_stay	C3	5.145573	0	1	2	0	104.48385	171.91755	0.339510756	0.7766918
18	incongruent_stay	FCZ	3.270867	0	1	1	1	104.48385	171.91755	0.339510756	0.7766918
18	incongruent_stay	FZ	1.124136	0	1	0	1	104.48385	171.91755	0.339510756	0.7766918
18	incongruent_stay	F4	1.611261	0	1	0	2	104.48385	171.91755	0.339510756	0.7766918
18	incongruent_stay	FC3	3.050275	0	1	1	0	104.48385	171.91755	0.339510756	0.7766918
18	incongruent_stay	F3	1.735371	0	1	0	0	104.48385	171.91755	0.339510756	0.7766918
18	incongruent_switch	PZ	7.402634	1	1	4	1	104.48385	171.91755	0.339510756	0.7766918
18	incongruent_switch	P4	8.157976	1	1	4	2	104.48385	171.91755	0.339510756	0.7766918
18	incongruent_switch	CP4	6.554013	1	1	3	2	104.48385	171.91755	0.339510756	0.7766918
18	incongruent_switch	C4	3.894536	1	1	2	2	104.48385	171.91755	0.339510756	0.7766918
18	incongruent_switch	P3	7.187498	1	1	4	0	104.48385	171.91755	0.339510756	0.7766918
18	incongruent_switch	CP3	6.56761	1	1	3	0	104.48385	171.91755	0.339510756	0.7766918
18	incongruent_switch	CPZ	7.693587	1	1	3	1	104.48385	171.91755	0.339510756	0.7766918
18	incongruent_switch	CZ	3.946468	1	1	2	1	104.48385	171.91755	0.339510756	0.7766918
18	incongruent_switch	FC4	2.360829	1	1	1	2	104.48385	171.91755	0.339510756	0.7766918
18	incongruent_switch	C3	4.23304	1	1	2	0	104.48385	171.91755	0.339510756	0.7766918
18	incongruent_switch	FCZ	1.80796	1	1	1	1	104.48385	171.91755	0.339510756	0.7766918
18	incongruent_switch	FZ	-1.102228	1	1	0	1	104.48385	171.91755	0.339510756	0.7766918
18	incongruent_switch	F4	0.02255	1	1	0	2	104.48385	171.91755	0.339510756	0.7766918
18	incongruent_switch	FC3	1.536937	1	1	1	0	104.48385	171.91755	0.339510756	0.7766918
18	incongruent_switch	F3	-0.481656	1	1	0	0	104.48385	171.91755	0.339510756	0.7766918
19	congruent_stay	PZ	-0.831528	0	0	4	1	119.28485	296.70625	0.368080928	0.9987122
19	congruent_stay	P4	1.524607	0	0	4	2	119.28485	296.70625	0.368080928	0.9987122
19	congruent_stay	CP4	1.037021	0	0	3	2	119.28485	296.70625	0.368080928	0.9987122
19	congruent_stay	C4	-0.174816	0	0	2	2	119.28485	296.70625	0.368080928	0.9987122
19	congruent_stay	P3	0.150929	0	0	4	0	119.28485	296.70625	0.368080928	0.9987122
19	congruent_stay	CP3	-1.066405	0	0	3	0	119.28485	296.70625	0.368080928	0.9987122
19	congruent_stay	CPZ	-1.192249	0	0	3	1	119.28485	296.70625	0.368080928	0.9987122
19	congruent_stay	CZ	-1.846906	0	0	2	1	119.28485	296.70625	0.368080928	0.9987122
19	congruent_stay	FC4	-1.893254	0	0	1	2	119.28485	296.70625	0.368080928	0.9987122
19	congruent_stay	C3	-1.533652	0	0	2	0	119.28485	296.70625	0.368080928	0.9987122
19	congruent_stay	FCZ	-2.450817	0	0	1	1	119.28485	296.70625	0.368080928	0.9987122
19	congruent_stay	FZ	-2.99059	0	0	0	1	119.28485	296.70625	0.368080928	0.9987122
19	congruent_stay	F4	-2.956958	0	0	0	2	119.28485	296.70625	0.368080928	0.9987122
19	congruent_stay	FC3	-2.432884	0	0	1	0	119.28485	296.70625	0.368080928	0.9987122
19	congruent_stay	F3	-3.10516	0	0	0	0	119.28485	296.70625	0.368080928	0.9987122
19	congruent_switch	PZ	-1.04866	1	0	4	1	119.28485	296.70625	0.368080928	0.9987122
19	congruent_switch	P4	0.305965	1	0	4	2	119.28485	296.70625	0.368080928	0.9987122
19	congruent_switch	CP4	-0.21647	1	0	3	2	119.28485	296.70625	0.368080928	0.9987122
19	congruent_switch	C4	-1.04822	1	0	2	2	119.28485	296.70625	0.368080928	0.9987122
19	congruent_switch	P3	-1.095464	1	0	4	0	119.28485	296.70625	0.368080928	0.9987122
19	congruent_switch	CP3	-1.836195	1	0	3	0	119.28485	296.70625	0.368080928	0.9987122
19	congruent_switch	CPZ	-1.3281	1	0	3	1	119.28485	296.70625	0.368080928	0.9987122
19	congruent_switch	CZ	-2.09531	1	0	2	1	119.28485	296.70625	0.368080928	0.9987122
19	congruent_switch	FC4	-2.557729	1	0	1	2	119.28485	296.70625	0.368080928	0.9987122
19	congruent_switch	C3	-1.997899	1	0	2	0	119.28485	296.70625	0.368080928	0.9987122
19	congruent_switch	FCZ	-2.854582	1	0	1	1	119.28485	296.70625	0.368080928	0.9987122
19	congruent_switch	FZ	-3.667318	1	0	0	1	119.28485	296.70625	0.368080928	0.9987122
19	congruent_switch	F4	-3.650344	1	0	0	2	119.28485	296.70625	0.368080928	0.9987122
19	congruent_switch	FC3	-3.341446	1	0	1	0	119.28485	296.70625	0.368080928	0.9987122
19	congruent_switch	F3	-4.176053	1	0	0	0	119.28485	296.70625	0.368080928	0.9987122
19	incongruent_stay	PZ	-2.395122	0	1	4	1	119.28485	296.70625	0.368080928	0.9987122
19	incongruent_stay	P4	-1.355152	0	1	4	2	119.28485	296.70625	0.368080928	0.9987122
19	incongruent_stay	CP4	-1.603636	0	1	3	2	119.28485	296.70625	0.368080928	0.9987122
19	incongruent_stay	C4	-2.160177	0	1	2	2	119.28485	296.70625	0.368080928	0.9987122
19	incongruent_stay	P3	-1.943823	0	1	4	0	119.28485	296.70625	0.368080928	0.9987122
19	incongruent_stay	CP3	-2.800577	0	1	3	0	119.28485	296.70625	0.368080928	0.9987122
19	incongruent_stay	CPZ	-2.801657	0	1	3	1	119.28485	296.70625	0.368080928	0.9987122
19	incongruent_stay	CZ	-3.284909	0	1	2	1	119.28485	296.70625	0.368080928	0.9987122
19	incongruent_stay	FC4	-2.71472	0	1	1	2	119.28485	296.70625	0.368080928	0.9987122
19	incongruent_stay	C3	-2.847165	0	1	2	0	119.28485	296.70625	0.368080928	0.9987122
19	incongruent_stay	FCZ	-3.558767	0	1	1	1	119.28485	296.70625	0.368080928	0.9987122
19	incongruent_stay	FZ	-3.539933	0	1	0	1	119.28485	296.70625	0.368080928	0.9987122
19	incongruent_stay	F4	-2.978004	0	1	0	2	119.28485	296.70625	0.368080928	0.9987122
19	incongruent_stay	FC3	-3.308737	0	1	1	0	119.28485	296.70625	0.368080928	0.9987122
19	incongruent_stay	F3	-3.715325	0	1	0	0	119.28485	296.70625	0.368080928	0.9987122
19	incongruent_switch	PZ	-3.536816	1	1	4	1	119.28485	296.70625	0.368080928	0.9987122
19	incongruent_switch	P4	-1.517937	1	1	4	2	119.28485	296.70625	0.368080928	0.9987122
19	incongruent_switch	CP4	-2.076233	1	1	3	2	119.28485	296.70625	0.368080928	0.9987122
19	incongruent_switch	C4	-2.600706	1	1	2	2	119.28485	296.70625	0.368080928	0.9987122
19	incongruent_switch	P3	-1.642559	1	1	4	0	119.28485	296.70625	0.368080928	0.9987122
19	incongruent_switch	CP3	-2.631152	1	1	3	0	119.28485	296.70625	0.368080928	0.9987122
19	incongruent_switch	CPZ	-3.966256	1	1	3	1	119.28485	296.70625	0.368080928	0.9987122
19	incongruent_switch	CZ	-3.962371	1	1	2	1	119.28485	296.70625	0.368080928	0.9987122
19	incongruent_switch	FC4	-2.566068	1	1	1	2	119.28485	296.70625	0.368080928	0.9987122
19	incongruent_switch	C3	-3.176766	1	1	2	0	119.28485	296.70625	0.368080928	0.9987122
19	incongruent_switch	FCZ	-3.531856	1	1	1	1	119.28485	296.70625	0.368080928	0.9987122
19	incongruent_switch	FZ	-3.276816	1	1	0	1	119.28485	296.70625	0.368080928	0.9987122
19	incongruent_switch	F4	-2.382917	1	1	0	2	119.28485	296.70625	0.368080928	0.9987122
19	incongruent_switch	FC3	-3.232246	1	1	1	0	119.28485	296.70625	0.368080928	0.9987122
19	incongruent_switch	F3	-3.168439	1	1	0	0	119.28485	296.70625	0.368080928	0.9987122
20	congruent_stay	PZ	1.645189	0	0	4	1	174.16775	428.03955	0.372626588	0.929436
20	congruent_stay	P4	-1.111063	0	0	4	2	174.16775	428.03955	0.372626588	0.929436
20	congruent_stay	CP4	-1.904009	0	0	3	2	174.16775	428.03955	0.372626588	0.929436
20	congruent_stay	C4	-3.026208	0	0	2	2	174.16775	428.03955	0.372626588	0.929436
20	congruent_stay	P3	2.742443	0	0	4	0	174.16775	428.03955	0.372626588	0.929436
20	congruent_stay	CP3	1.141928	0	0	3	0	174.16775	428.03955	0.372626588	0.929436
20	congruent_stay	CPZ	0.128778	0	0	3	1	174.16775	428.03955	0.372626588	0.929436
20	congruent_stay	CZ	-1.874604	0	0	2	1	174.16775	428.03955	0.372626588	0.929436
20	congruent_stay	FC4	-2.340863	0	0	1	2	174.16775	428.03955	0.372626588	0.929436
20	congruent_stay	C3	1.271841	0	0	2	0	174.16775	428.03955	0.372626588	0.929436
20	congruent_stay	FCZ	-4.593279	0	0	1	1	174.16775	428.03955	0.372626588	0.929436
20	congruent_stay	FZ	-3.935576	0	0	0	1	174.16775	428.03955	0.372626588	0.929436
20	congruent_stay	F4	-1.425259	0	0	0	2	174.16775	428.03955	0.372626588	0.929436
20	congruent_stay	FC3	0.226237	0	0	1	0	174.16775	428.03955	0.372626588	0.929436
20	congruent_stay	F3	-1.058565	0	0	0	0	174.16775	428.03955	0.372626588	0.929436
20	congruent_switch	PZ	3.370447	1	0	4	1	174.16775	428.03955	0.372626588	0.929436
20	congruent_switch	P4	0.78573	1	0	4	2	174.16775	428.03955	0.372626588	0.929436
20	congruent_switch	CP4	-0.677749	1	0	3	2	174.16775	428.03955	0.372626588	0.929436
20	congruent_switch	C4	-2.097188	1	0	2	2	174.16775	428.03955	0.372626588	0.929436
20	congruent_switch	P3	3.981232	1	0	4	0	174.16775	428.03955	0.372626588	0.929436
20	congruent_switch	CP3	1.622111	1	0	3	0	174.16775	428.03955	0.372626588	0.929436
20	congruent_switch	CPZ	1.83854	1	0	3	1	174.16775	428.03955	0.372626588	0.929436
20	congruent_switch	CZ	-0.90922	1	0	2	1	174.16775	428.03955	0.372626588	0.929436
20	congruent_switch	FC4	-2.030605	1	0	1	2	174.16775	428.03955	0.372626588	0.929436
20	congruent_switch	C3	0.220629	1	0	2	0	174.16775	428.03955	0.372626588	0.929436
20	congruent_switch	FCZ	-4.699295	1	0	1	1	174.16775	428.03955	0.372626588	0.929436
20	congruent_switch	FZ	-4.940329	1	0	0	1	174.16775	428.03955	0.372626588	0.929436
20	congruent_switch	F4	-2.613456	1	0	0	2	174.16775	428.03955	0.372626588	0.929436
20	congruent_switch	FC3	-1.669927	1	0	1	0	174.16775	428.03955	0.372626588	0.929436
20	congruent_switch	F3	-3.300761	1	0	0	0	174.16775	428.03955	0.372626588	0.929436
20	incongruent_stay	PZ	-0.025211	0	1	4	1	174.16775	428.03955	0.372626588	0.929436
20	incongruent_stay	P4	-0.704103	0	1	4	2	174.16775	428.03955	0.372626588	0.929436
20	incongruent_stay	CP4	-2.947643	0	1	3	2	174.16775	428.03955	0.372626588	0.929436
20	incongruent_stay	C4	-4.458802	0	1	2	2	174.16775	428.03955	0.372626588	0.929436
20	incongruent_stay	P3	1.356514	0	1	4	0	174.16775	428.03955	0.372626588	0.929436
20	incongruent_stay	CP3	-0.921244	0	1	3	0	174.16775	428.03955	0.372626588	0.929436
20	incongruent_stay	CPZ	-1.840964	0	1	3	1	174.16775	428.03955	0.372626588	0.929436
20	incongruent_stay	CZ	-4.421986	0	1	2	1	174.16775	428.03955	0.372626588	0.929436
20	incongruent_stay	FC4	-4.877151	0	1	1	2	174.16775	428.03955	0.372626588	0.929436
20	incongruent_stay	C3	-2.57279	0	1	2	0	174.16775	428.03955	0.372626588	0.929436
20	incongruent_stay	FCZ	-8.455486	0	1	1	1	174.16775	428.03955	0.372626588	0.929436
20	incongruent_stay	FZ	-8.96027	0	1	0	1	174.16775	428.03955	0.372626588	0.929436
20	incongruent_stay	F4	-5.509228	0	1	0	2	174.16775	428.03955	0.372626588	0.929436
20	incongruent_stay	FC3	-4.881357	0	1	1	0	174.16775	428.03955	0.372626588	0.929436
20	incongruent_stay	F3	-7.260759	0	1	0	0	174.16775	428.03955	0.372626588	0.929436
20	incongruent_switch	PZ	2.47153	1	1	4	1	174.16775	428.03955	0.372626588	0.929436
20	incongruent_switch	P4	1.475499	1	1	4	2	174.16775	428.03955	0.372626588	0.929436
20	incongruent_switch	CP4	-1.214835	1	1	3	2	174.16775	428.03955	0.372626588	0.929436
20	incongruent_switch	C4	-3.702009	1	1	2	2	174.16775	428.03955	0.372626588	0.929436
20	incongruent_switch	P3	3.257792	1	1	4	0	174.16775	428.03955	0.372626588	0.929436
20	incongruent_switch	CP3	0.310214	1	1	3	0	174.16775	428.03955	0.372626588	0.929436
20	incongruent_switch	CPZ	-0.232516	1	1	3	1	174.16775	428.03955	0.372626588	0.929436
20	incongruent_switch	CZ	-3.017166	1	1	2	1	174.16775	428.03955	0.372626588	0.929436
20	incongruent_switch	FC4	-4.43596	1	1	1	2	174.16775	428.03955	0.372626588	0.929436
20	incongruent_switch	C3	-1.008205	1	1	2	0	174.16775	428.03955	0.372626588	0.929436
20	incongruent_switch	FCZ	-6.730356	1	1	1	1	174.16775	428.03955	0.372626588	0.929436
20	incongruent_switch	FZ	-7.814238	1	1	0	1	174.16775	428.03955	0.372626588	0.929436
20	incongruent_switch	F4	-5.804049	1	1	0	2	174.16775	428.03955	0.372626588	0.929436
20	incongruent_switch	FC3	-3.40099	1	1	1	0	174.16775	428.03955	0.372626588	0.929436
20	incongruent_switch	F3	-6.020059	1	1	0	0	174.16775	428.03955	0.372626588	0.929436
21	congruent_stay	PZ	0.034612	0	0	4	1	27.3757	207.728	0.290244915	0.9953427
21	congruent_stay	P4	1.70357	0	0	4	2	27.3757	207.728	0.290244915	0.9953427
21	congruent_stay	CP4	2.438453	0	0	3	2	27.3757	207.728	0.290244915	0.9953427
21	congruent_stay	C4	2.865899	0	0	2	2	27.3757	207.728	0.290244915	0.9953427
21	congruent_stay	P3	1.774003	0	0	4	0	27.3757	207.728	0.290244915	0.9953427
21	congruent_stay	CP3	1.555836	0	0	3	0	27.3757	207.728	0.290244915	0.9953427
21	congruent_stay	CPZ	0.907481	0	0	3	1	27.3757	207.728	0.290244915	0.9953427
21	congruent_stay	CZ	1.735474	0	0	2	1	27.3757	207.728	0.290244915	0.9953427
21	congruent_stay	FC4	3.801097	0	0	1	2	27.3757	207.728	0.290244915	0.9953427
21	congruent_stay	C3	1.760863	0	0	2	0	27.3757	207.728	0.290244915	0.9953427
21	congruent_stay	FCZ	2.95354	0	0	1	1	27.3757	207.728	0.290244915	0.9953427
21	congruent_stay	FZ	2.968294	0	0	0	1	27.3757	207.728	0.290244915	0.9953427
21	congruent_stay	F4	4.699789	0	0	0	2	27.3757	207.728	0.290244915	0.9953427
21	congruent_stay	FC3	2.11787	0	0	1	0	27.3757	207.728	0.290244915	0.9953427
21	congruent_stay	F3	2.366346	0	0	0	0	27.3757	207.728	0.290244915	0.9953427
21	congruent_switch	PZ	1.278838	1	0	4	1	27.3757	207.728	0.290244915	0.9953427
21	congruent_switch	P4	2.178914	1	0	4	2	27.3757	207.728	0.290244915	0.9953427
21	congruent_switch	CP4	3.383604	1	0	3	2	27.3757	207.728	0.290244915	0.9953427
21	congruent_switch	C4	4.533018	1	0	2	2	27.3757	207.728	0.290244915	0.9953427
21	congruent_switch	P3	2.718795	1	0	4	0	27.3757	207.728	0.290244915	0.9953427
21	congruent_switch	CP3	3.16144	1	0	3	0	27.3757	207.728	0.290244915	0.9953427
21	congruent_switch	CPZ	2.514041	1	0	3	1	27.3757	207.728	0.290244915	0.9953427
21	congruent_switch	CZ	3.941771	1	0	2	1	27.3757	207.728	0.290244915	0.9953427
21	congruent_switch	FC4	5.275141	1	0	1	2	27.3757	207.728	0.290244915	0.9953427
21	congruent_switch	C3	3.564404	1	0	2	0	27.3757	207.728	0.290244915	0.9953427
21	congruent_switch	FCZ	5.005954	1	0	1	1	27.3757	207.728	0.290244915	0.9953427
21	congruent_switch	FZ	4.79205	1	0	0	1	27.3757	207.728	0.290244915	0.9953427
21	congruent_switch	F4	5.764086	1	0	0	2	27.3757	207.728	0.290244915	0.9953427
21	congruent_switch	FC3	3.36493	1	0	1	0	27.3757	207.728	0.290244915	0.9953427
21	congruent_switch	F3	2.935711	1	0	0	0	27.3757	207.728	0.290244915	0.9953427
21	incongruent_stay	PZ	3.498885	0	1	4	1	27.3757	207.728	0.290244915	0.9953427
21	incongruent_stay	P4	4.230203	0	1	4	2	27.3757	207.728	0.290244915	0.9953427
21	incongruent_stay	CP4	3.915143	0	1	3	2	27.3757	207.728	0.290244915	0.9953427
21	incongruent_stay	C4	2.95236	0	1	2	2	27.3757	207.728	0.290244915	0.9953427
21	incongruent_stay	P3	5.152689	0	1	4	0	27.3757	207.728	0.290244915	0.9953427
21	incongruent_stay	CP3	4.68384	0	1	3	0	27.3757	207.728	0.290244915	0.9953427
21	incongruent_stay	CPZ	4.008325	0	1	3	1	27.3757	207.728	0.290244915	0.9953427
21	incongruent_stay	CZ	4.516688	0	1	2	1	27.3757	207.728	0.290244915	0.9953427
21	incongruent_stay	FC4	2.25234	0	1	1	2	27.3757	207.728	0.290244915	0.9953427
21	incongruent_stay	C3	4.574603	0	1	2	0	27.3757	207.728	0.290244915	0.9953427
21	incongruent_stay	FCZ	2.871557	0	1	1	1	27.3757	207.728	0.290244915	0.9953427
21	incongruent_stay	FZ	1.998385	0	1	0	1	27.3757	207.728	0.290244915	0.9953427
21	incongruent_stay	F4	-0.212252	0	1	0	2	27.3757	207.728	0.290244915	0.9953427
21	incongruent_stay	FC3	3.52761	0	1	1	0	27.3757	207.728	0.290244915	0.9953427
21	incongruent_stay	F3	1.864963	0	1	0	0	27.3757	207.728	0.290244915	0.9953427
21	incongruent_switch	PZ	3.678354	1	1	4	1	27.3757	207.728	0.290244915	0.9953427
21	incongruent_switch	P4	4.217947	1	1	4	2	27.3757	207.728	0.290244915	0.9953427
21	incongruent_switch	CP4	3.85117	1	1	3	2	27.3757	207.728	0.290244915	0.9953427
21	incongruent_switch	C4	2.737213	1	1	2	2	27.3757	207.728	0.290244915	0.9953427
21	incongruent_switch	P3	4.549085	1	1	4	0	27.3757	207.728	0.290244915	0.9953427
21	incongruent_switch	CP3	3.96951	1	1	3	0	27.3757	207.728	0.290244915	0.9953427
21	incongruent_switch	CPZ	3.38497	1	1	3	1	27.3757	207.728	0.290244915	0.9953427
21	incongruent_switch	CZ	3.473353	1	1	2	1	27.3757	207.728	0.290244915	0.9953427
21	incongruent_switch	FC4	1.950641	1	1	1	2	27.3757	207.728	0.290244915	0.9953427
21	incongruent_switch	C3	3.224465	1	1	2	0	27.3757	207.728	0.290244915	0.9953427
21	incongruent_switch	FCZ	1.552814	1	1	1	1	27.3757	207.728	0.290244915	0.9953427
21	incongruent_switch	FZ	1.246072	1	1	0	1	27.3757	207.728	0.290244915	0.9953427
21	incongruent_switch	F4	0.491492	1	1	0	2	27.3757	207.728	0.290244915	0.9953427
21	incongruent_switch	FC3	1.814984	1	1	1	0	27.3757	207.728	0.290244915	0.9953427
21	incongruent_switch	F3	0.692989	1	1	0	0	27.3757	207.728	0.290244915	0.9953427
22	congruent_stay	PZ	3.465876	0	0	4	1	260.03565	266.43035	0.264625344	0.6954895
22	congruent_stay	P4	4.109569	0	0	4	2	260.03565	266.43035	0.264625344	0.6954895
22	congruent_stay	CP4	3.787375	0	0	3	2	260.03565	266.43035	0.264625344	0.6954895
22	congruent_stay	C4	3.090183	0	0	2	2	260.03565	266.43035	0.264625344	0.6954895
22	congruent_stay	P3	3.644632	0	0	4	0	260.03565	266.43035	0.264625344	0.6954895
22	congruent_stay	CP3	3.146426	0	0	3	0	260.03565	266.43035	0.264625344	0.6954895
22	congruent_stay	CPZ	3.104664	0	0	3	1	260.03565	266.43035	0.264625344	0.6954895
22	congruent_stay	CZ	3.047844	0	0	2	1	260.03565	266.43035	0.264625344	0.6954895
22	congruent_stay	FC4	3.276562	0	0	1	2	260.03565	266.43035	0.264625344	0.6954895
22	congruent_stay	C3	2.341295	0	0	2	0	260.03565	266.43035	0.264625344	0.6954895
22	congruent_stay	FCZ	2.30715	0	0	1	1	260.03565	266.43035	0.264625344	0.6954895
22	congruent_stay	FZ	2.690896	0	0	0	1	260.03565	266.43035	0.264625344	0.6954895
22	congruent_stay	F4	3.001512	0	0	0	2	260.03565	266.43035	0.264625344	0.6954895
22	congruent_stay	FC3	2.78628	0	0	1	0	260.03565	266.43035	0.264625344	0.6954895
22	congruent_stay	F3	3.487222	0	0	0	0	260.03565	266.43035	0.264625344	0.6954895
22	congruent_switch	PZ	5.172854	1	0	4	1	260.03565	266.43035	0.264625344	0.6954895
22	congruent_switch	P4	5.395516	1	0	4	2	260.03565	266.43035	0.264625344	0.6954895
22	congruent_switch	CP4	4.523676	1	0	3	2	260.03565	266.43035	0.264625344	0.6954895
22	congruent_switch	C4	3.584098	1	0	2	2	260.03565	266.43035	0.264625344	0.6954895
22	congruent_switch	P3	5.172207	1	0	4	0	260.03565	266.43035	0.264625344	0.6954895
22	congruent_switch	CP3	4.047441	1	0	3	0	260.03565	266.43035	0.264625344	0.6954895
22	congruent_switch	CPZ	3.778662	1	0	3	1	260.03565	266.43035	0.264625344	0.6954895
22	congruent_switch	CZ	3.860239	1	0	2	1	260.03565	266.43035	0.264625344	0.6954895
22	congruent_switch	FC4	3.809468	1	0	1	2	260.03565	266.43035	0.264625344	0.6954895
22	congruent_switch	C3	4.009518	1	0	2	0	260.03565	266.43035	0.264625344	0.6954895
22	congruent_switch	FCZ	3.62595	1	0	1	1	260.03565	266.43035	0.264625344	0.6954895
22	congruent_switch	FZ	4.079935	1	0	0	1	260.03565	266.43035	0.264625344	0.6954895
22	congruent_switch	F4	4.500474	1	0	0	2	260.03565	266.43035	0.264625344	0.6954895
22	congruent_switch	FC3	4.111418	1	0	1	0	260.03565	266.43035	0.264625344	0.6954895
22	congruent_switch	F3	4.084157	1	0	0	0	260.03565	266.43035	0.264625344	0.6954895
22	incongruent_stay	PZ	0.504607	0	1	4	1	260.03565	266.43035	0.264625344	0.6954895
22	incongruent_stay	P4	1.321691	0	1	4	2	260.03565	266.43035	0.264625344	0.6954895
22	incongruent_stay	CP4	0.382318	0	1	3	2	260.03565	266.43035	0.264625344	0.6954895
22	incongruent_stay	C4	-0.736678	0	1	2	2	260.03565	266.43035	0.264625344	0.6954895
22	incongruent_stay	P3	0.581156	0	1	4	0	260.03565	266.43035	0.264625344	0.6954895
22	incongruent_stay	CP3	-0.433002	0	1	3	0	260.03565	266.43035	0.264625344	0.6954895
22	incongruent_stay	CPZ	-0.462623	0	1	3	1	260.03565	266.43035	0.264625344	0.6954895
22	incongruent_stay	CZ	-0.479872	0	1	2	1	260.03565	266.43035	0.264625344	0.6954895
22	incongruent_stay	FC4	-1.122514	0	1	1	2	260.03565	266.43035	0.264625344	0.6954895
22	incongruent_stay	C3	-0.608602	0	1	2	0	260.03565	266.43035	0.264625344	0.6954895
22	incongruent_stay	FCZ	-1.323848	0	1	1	1	260.03565	266.43035	0.264625344	0.6954895
22	incongruent_stay	FZ	-0.805519	0	1	0	1	260.03565	266.43035	0.264625344	0.6954895
22	incongruent_stay	F4	-0.42203	0	1	0	2	260.03565	266.43035	0.264625344	0.6954895
22	incongruent_stay	FC3	-0.466294	0	1	1	0	260.03565	266.43035	0.264625344	0.6954895
22	incongruent_stay	F3	0.208945	0	1	0	0	260.03565	266.43035	0.264625344	0.6954895
22	incongruent_switch	PZ	2.812941	1	1	4	1	260.03565	266.43035	0.264625344	0.6954895
22	incongruent_switch	P4	3.094007	1	1	4	2	260.03565	266.43035	0.264625344	0.6954895
22	incongruent_switch	CP4	2.479354	1	1	3	2	260.03565	266.43035	0.264625344	0.6954895
22	incongruent_switch	C4	1.465031	1	1	2	2	260.03565	266.43035	0.264625344	0.6954895
22	incongruent_switch	P3	2.87012	1	1	4	0	260.03565	266.43035	0.264625344	0.6954895
22	incongruent_switch	CP3	2.198913	1	1	3	0	260.03565	266.43035	0.264625344	0.6954895
22	incongruent_switch	CPZ	2.055953	1	1	3	1	260.03565	266.43035	0.264625344	0.6954895
22	incongruent_switch	CZ	2.116468	1	1	2	1	260.03565	266.43035	0.264625344	0.6954895
22	incongruent_switch	FC4	1.488632	1	1	1	2	260.03565	266.43035	0.264625344	0.6954895
22	incongruent_switch	C3	1.940722	1	1	2	0	260.03565	266.43035	0.264625344	0.6954895
22	incongruent_switch	FCZ	1.911688	1	1	1	1	260.03565	266.43035	0.264625344	0.6954895
22	incongruent_switch	FZ	1.960846	1	1	0	1	260.03565	266.43035	0.264625344	0.6954895
22	incongruent_switch	F4	1.996281	1	1	0	2	260.03565	266.43035	0.264625344	0.6954895
22	incongruent_switch	FC3	2.452441	1	1	1	0	260.03565	266.43035	0.264625344	0.6954895
22	incongruent_switch	F3	2.802023	1	1	0	0	260.03565	266.43035	0.264625344	0.6954895
23	congruent_stay	PZ	5.750226	0	0	4	1	126.3941	484.2971	0.440401914	1.0011968
23	congruent_stay	P4	4.683591	0	0	4	2	126.3941	484.2971	0.440401914	1.0011968
23	congruent_stay	CP4	4.365066	0	0	3	2	126.3941	484.2971	0.440401914	1.0011968
23	congruent_stay	C4	3.934402	0	0	2	2	126.3941	484.2971	0.440401914	1.0011968
23	congruent_stay	P3	4.930075	0	0	4	0	126.3941	484.2971	0.440401914	1.0011968
23	congruent_stay	CP3	4.381079	0	0	3	0	126.3941	484.2971	0.440401914	1.0011968
23	congruent_stay	CPZ	5.078856	0	0	3	1	126.3941	484.2971	0.440401914	1.0011968
23	congruent_stay	CZ	2.915758	0	0	2	1	126.3941	484.2971	0.440401914	1.0011968
23	congruent_stay	FC4	2.650077	0	0	1	2	126.3941	484.2971	0.440401914	1.0011968
23	congruent_stay	C3	3.496643	0	0	2	0	126.3941	484.2971	0.440401914	1.0011968
23	congruent_stay	FCZ	1.03376	0	0	1	1	126.3941	484.2971	0.440401914	1.0011968
23	congruent_stay	FZ	0.071647	0	0	0	1	126.3941	484.2971	0.440401914	1.0011968
23	congruent_stay	F4	1.699399	0	0	0	2	126.3941	484.2971	0.440401914	1.0011968
23	congruent_stay	FC3	2.11113	0	0	1	0	126.3941	484.2971	0.440401914	1.0011968
23	congruent_stay	F3	0.398854	0	0	0	0	126.3941	484.2971	0.440401914	1.0011968
23	congruent_switch	PZ	6.850312	1	0	4	1	126.3941	484.2971	0.440401914	1.0011968
23	congruent_switch	P4	5.42397	1	0	4	2	126.3941	484.2971	0.440401914	1.0011968
23	congruent_switch	CP4	5.343229	1	0	3	2	126.3941	484.2971	0.440401914	1.0011968
23	congruent_switch	C4	5.116676	1	0	2	2	126.3941	484.2971	0.440401914	1.0011968
23	congruent_switch	P3	6.847249	1	0	4	0	126.3941	484.2971	0.440401914	1.0011968
23	congruent_switch	CP3	6.07626	1	0	3	0	126.3941	484.2971	0.440401914	1.0011968
23	congruent_switch	CPZ	6.211693	1	0	3	1	126.3941	484.2971	0.440401914	1.0011968
23	congruent_switch	CZ	4.263008	1	0	2	1	126.3941	484.2971	0.440401914	1.0011968
23	congruent_switch	FC4	4.28872	1	0	1	2	126.3941	484.2971	0.440401914	1.0011968
23	congruent_switch	C3	4.767084	1	0	2	0	126.3941	484.2971	0.440401914	1.0011968
23	congruent_switch	FCZ	2.238366	1	0	1	1	126.3941	484.2971	0.440401914	1.0011968
23	congruent_switch	FZ	1.355827	1	0	0	1	126.3941	484.2971	0.440401914	1.0011968
23	congruent_switch	F4	2.950238	1	0	0	2	126.3941	484.2971	0.440401914	1.0011968
23	congruent_switch	FC3	2.441052	1	0	1	0	126.3941	484.2971	0.440401914	1.0011968
23	congruent_switch	F3	0.362183	1	0	0	0	126.3941	484.2971	0.440401914	1.0011968
23	incongruent_stay	PZ	8.502102	0	1	4	1	126.3941	484.2971	0.440401914	1.0011968
23	incongruent_stay	P4	6.151526	0	1	4	2	126.3941	484.2971	0.440401914	1.0011968
23	incongruent_stay	CP4	5.430998	0	1	3	2	126.3941	484.2971	0.440401914	1.0011968
23	incongruent_stay	C4	3.422011	0	1	2	2	126.3941	484.2971	0.440401914	1.0011968
23	incongruent_stay	P3	7.582349	0	1	4	0	126.3941	484.2971	0.440401914	1.0011968
23	incongruent_stay	CP3	6.145771	0	1	3	0	126.3941	484.2971	0.440401914	1.0011968
23	incongruent_stay	CPZ	6.849808	0	1	3	1	126.3941	484.2971	0.440401914	1.0011968
23	incongruent_stay	CZ	3.373327	0	1	2	1	126.3941	484.2971	0.440401914	1.0011968
23	incongruent_stay	FC4	0.664702	0	1	1	2	126.3941	484.2971	0.440401914	1.0011968
23	incongruent_stay	C3	4.735211	0	1	2	0	126.3941	484.2971	0.440401914	1.0011968
23	incongruent_stay	FCZ	-0.633348	0	1	1	1	126.3941	484.2971	0.440401914	1.0011968
23	incongruent_stay	FZ	-3.723171	0	1	0	1	126.3941	484.2971	0.440401914	1.0011968
23	incongruent_stay	F4	-3.518835	0	1	0	2	126.3941	484.2971	0.440401914	1.0011968
23	incongruent_stay	FC3	0.932472	0	1	1	0	126.3941	484.2971	0.440401914	1.0011968
23	incongruent_stay	F3	-2.030527	0	1	0	0	126.3941	484.2971	0.440401914	1.0011968
23	incongruent_switch	PZ	10.331938	1	1	4	1	126.3941	484.2971	0.440401914	1.0011968
23	incongruent_switch	P4	7.435962	1	1	4	2	126.3941	484.2971	0.440401914	1.0011968
23	incongruent_switch	CP4	6.029205	1	1	3	2	126.3941	484.2971	0.440401914	1.0011968
23	incongruent_switch	C4	4.091677	1	1	2	2	126.3941	484.2971	0.440401914	1.0011968
23	incongruent_switch	P3	7.654073	1	1	4	0	126.3941	484.2971	0.440401914	1.0011968
23	incongruent_switch	CP3	7.356262	1	1	3	0	126.3941	484.2971	0.440401914	1.0011968
23	incongruent_switch	CPZ	8.274303	1	1	3	1	126.3941	484.2971	0.440401914	1.0011968
23	incongruent_switch	CZ	4.460503	1	1	2	1	126.3941	484.2971	0.440401914	1.0011968
23	incongruent_switch	FC4	1.591042	1	1	1	2	126.3941	484.2971	0.440401914	1.0011968
23	incongruent_switch	C3	5.614313	1	1	2	0	126.3941	484.2971	0.440401914	1.0011968
23	incongruent_switch	FCZ	0.692347	1	1	1	1	126.3941	484.2971	0.440401914	1.0011968
23	incongruent_switch	FZ	-2.359843	1	1	0	1	126.3941	484.2971	0.440401914	1.0011968
23	incongruent_switch	F4	-1.829806	1	1	0	2	126.3941	484.2971	0.440401914	1.0011968
23	incongruent_switch	FC3	2.121264	1	1	1	0	126.3941	484.2971	0.440401914	1.0011968
23	incongruent_switch	F3	-0.611254	1	1	0	0	126.3941	484.2971	0.440401914	1.0011968
24	congruent_stay	PZ	1.281268	0	0	4	1	280.3165	588.6559	0.443441208	0.6393342
24	congruent_stay	P4	3.846269	0	0	4	2	280.3165	588.6559	0.443441208	0.6393342
24	congruent_stay	CP4	2.172258	0	0	3	2	280.3165	588.6559	0.443441208	0.6393342
24	congruent_stay	C4	0.1738	0	0	2	2	280.3165	588.6559	0.443441208	0.6393342
24	congruent_stay	P3	0.635055	0	0	4	0	280.3165	588.6559	0.443441208	0.6393342
24	congruent_stay	CP3	-0.651917	0	0	3	0	280.3165	588.6559	0.443441208	0.6393342
24	congruent_stay	CPZ	-0.259311	0	0	3	1	280.3165	588.6559	0.443441208	0.6393342
24	congruent_stay	CZ	-1.507548	0	0	2	1	280.3165	588.6559	0.443441208	0.6393342
24	congruent_stay	FC4	0.387435	0	0	1	2	280.3165	588.6559	0.443441208	0.6393342
24	congruent_stay	C3	-1.472593	0	0	2	0	280.3165	588.6559	0.443441208	0.6393342
24	congruent_stay	FCZ	-2.408457	0	0	1	1	280.3165	588.6559	0.443441208	0.6393342
24	congruent_stay	FZ	-1.712418	0	0	0	1	280.3165	588.6559	0.443441208	0.6393342
24	congruent_stay	F4	0.744244	0	0	0	2	280.3165	588.6559	0.443441208	0.6393342
24	congruent_stay	FC3	-1.146938	0	0	1	0	280.3165	588.6559	0.443441208	0.6393342
24	congruent_stay	F3	-0.553336	0	0	0	0	280.3165	588.6559	0.443441208	0.6393342
24	congruent_switch	PZ	0.875959	1	0	4	1	280.3165	588.6559	0.443441208	0.6393342
24	congruent_switch	P4	3.690648	1	0	4	2	280.3165	588.6559	0.443441208	0.6393342
24	congruent_switch	CP4	1.76872	1	0	3	2	280.3165	588.6559	0.443441208	0.6393342
24	congruent_switch	C4	0.14883	1	0	2	2	280.3165	588.6559	0.443441208	0.6393342
24	congruent_switch	P3	1.271809	1	0	4	0	280.3165	588.6559	0.443441208	0.6393342
24	congruent_switch	CP3	-0.446786	1	0	3	0	280.3165	588.6559	0.443441208	0.6393342
24	congruent_switch	CPZ	-0.781652	1	0	3	1	280.3165	588.6559	0.443441208	0.6393342
24	congruent_switch	CZ	-2.050218	1	0	2	1	280.3165	588.6559	0.443441208	0.6393342
24	congruent_switch	FC4	-0.058756	1	0	1	2	280.3165	588.6559	0.443441208	0.6393342
24	congruent_switch	C3	-1.518168	1	0	2	0	280.3165	588.6559	0.443441208	0.6393342
24	congruent_switch	FCZ	-2.451384	1	0	1	1	280.3165	588.6559	0.443441208	0.6393342
24	congruent_switch	FZ	-1.653285	1	0	0	1	280.3165	588.6559	0.443441208	0.6393342
24	congruent_switch	F4	0.613267	1	0	0	2	280.3165	588.6559	0.443441208	0.6393342
24	congruent_switch	FC3	-1.28271	1	0	1	0	280.3165	588.6559	0.443441208	0.6393342
24	congruent_switch	F3	-0.813973	1	0	0	0	280.3165	588.6559	0.443441208	0.6393342
24	incongruent_stay	PZ	-0.395761	0	1	4	1	280.3165	588.6559	0.443441208	0.6393342
24	incongruent_stay	P4	1.4952	0	1	4	2	280.3165	588.6559	0.443441208	0.6393342
24	incongruent_stay	CP4	-0.507016	0	1	3	2	280.3165	588.6559	0.443441208	0.6393342
24	incongruent_stay	C4	-1.41182	0	1	2	2	280.3165	588.6559	0.443441208	0.6393342
24	incongruent_stay	P3	0.198905	0	1	4	0	280.3165	588.6559	0.443441208	0.6393342
24	incongruent_stay	CP3	-1.884285	0	1	3	0	280.3165	588.6559	0.443441208	0.6393342
24	incongruent_stay	CPZ	-2.020523	0	1	3	1	280.3165	588.6559	0.443441208	0.6393342
24	incongruent_stay	CZ	-2.996134	0	1	2	1	280.3165	588.6559	0.443441208	0.6393342
24	incongruent_stay	FC4	-0.569073	0	1	1	2	280.3165	588.6559	0.443441208	0.6393342
24	incongruent_stay	C3	-2.136696	0	1	2	0	280.3165	588.6559	0.443441208	0.6393342
24	incongruent_stay	FCZ	-3.066698	0	1	1	1	280.3165	588.6559	0.443441208	0.6393342
24	incongruent_stay	FZ	-2.703234	0	1	0	1	280.3165	588.6559	0.443441208	0.6393342
24	incongruent_stay	F4	-0.287458	0	1	0	2	280.3165	588.6559	0.443441208	0.6393342
24	incongruent_stay	FC3	-1.924148	0	1	1	0	280.3165	588.6559	0.443441208	0.6393342
24	incongruent_stay	F3	-1.753039	0	1	0	0	280.3165	588.6559	0.443441208	0.6393342
24	incongruent_switch	PZ	4.640671	1	1	4	1	280.3165	588.6559	0.443441208	0.6393342
24	incongruent_switch	P4	5.842699	1	1	4	2	280.3165	588.6559	0.443441208	0.6393342
24	incongruent_switch	CP4	4.169496	1	1	3	2	280.3165	588.6559	0.443441208	0.6393342
24	incongruent_switch	C4	1.460184	1	1	2	2	280.3165	588.6559	0.443441208	0.6393342
24	incongruent_switch	P3	3.553129	1	1	4	0	280.3165	588.6559	0.443441208	0.6393342
24	incongruent_switch	CP3	2.229942	1	1	3	0	280.3165	588.6559	0.443441208	0.6393342
24	incongruent_switch	CPZ	2.220134	1	1	3	1	280.3165	588.6559	0.443441208	0.6393342
24	incongruent_switch	CZ	1.047644	1	1	2	1	280.3165	588.6559	0.443441208	0.6393342
24	incongruent_switch	FC4	1.302242	1	1	1	2	280.3165	588.6559	0.443441208	0.6393342
24	incongruent_switch	C3	0.746548	1	1	2	0	280.3165	588.6559	0.443441208	0.6393342
24	incongruent_switch	FCZ	0.698115	1	1	1	1	280.3165	588.6559	0.443441208	0.6393342
24	incongruent_switch	FZ	1.031873	1	1	0	1	280.3165	588.6559	0.443441208	0.6393342
24	incongruent_switch	F4	0.968839	1	1	0	2	280.3165	588.6559	0.443441208	0.6393342
24	incongruent_switch	FC3	0.060614	1	1	1	0	280.3165	588.6559	0.443441208	0.6393342
24	incongruent_switch	F3	0.202776	1	1	0	0	280.3165	588.6559	0.443441208	0.6393342
25	congruent_stay	PZ	3.248619	0	0	4	1	207.72355	247.66335	0.257008905	0.5051649
25	congruent_stay	P4	3.973682	0	0	4	2	207.72355	247.66335	0.257008905	0.5051649
25	congruent_stay	CP4	2.796735	0	0	3	2	207.72355	247.66335	0.257008905	0.5051649
25	congruent_stay	C4	1.886044	0	0	2	2	207.72355	247.66335	0.257008905	0.5051649
25	congruent_stay	P3	5.04176	0	0	4	0	207.72355	247.66335	0.257008905	0.5051649
25	congruent_stay	CP3	3.046104	0	0	3	0	207.72355	247.66335	0.257008905	0.5051649
25	congruent_stay	CPZ	2.357712	0	0	3	1	207.72355	247.66335	0.257008905	0.5051649
25	congruent_stay	CZ	2.110744	0	0	2	1	207.72355	247.66335	0.257008905	0.5051649
25	congruent_stay	FC4	1.587345	0	0	1	2	207.72355	247.66335	0.257008905	0.5051649
25	congruent_stay	C3	2.188094	0	0	2	0	207.72355	247.66335	0.257008905	0.5051649
25	congruent_stay	FCZ	1.830576	0	0	1	1	207.72355	247.66335	0.257008905	0.5051649
25	congruent_stay	FZ	0.909082	0	0	0	1	207.72355	247.66335	0.257008905	0.5051649
25	congruent_stay	F4	0.757547	0	0	0	2	207.72355	247.66335	0.257008905	0.5051649
25	congruent_stay	FC3	1.637285	0	0	1	0	207.72355	247.66335	0.257008905	0.5051649
25	congruent_stay	F3	0.848824	0	0	0	0	207.72355	247.66335	0.257008905	0.5051649
25	congruent_switch	PZ	3.677197	1	0	4	1	207.72355	247.66335	0.257008905	0.5051649
25	congruent_switch	P4	3.792737	1	0	4	2	207.72355	247.66335	0.257008905	0.5051649
25	congruent_switch	CP4	2.693579	1	0	3	2	207.72355	247.66335	0.257008905	0.5051649
25	congruent_switch	C4	2.113884	1	0	2	2	207.72355	247.66335	0.257008905	0.5051649
25	congruent_switch	P3	4.077982	1	0	4	0	207.72355	247.66335	0.257008905	0.5051649
25	congruent_switch	CP3	3.003102	1	0	3	0	207.72355	247.66335	0.257008905	0.5051649
25	congruent_switch	CPZ	2.017481	1	0	3	1	207.72355	247.66335	0.257008905	0.5051649
25	congruent_switch	CZ	1.912707	1	0	2	1	207.72355	247.66335	0.257008905	0.5051649
25	congruent_switch	FC4	1.852628	1	0	1	2	207.72355	247.66335	0.257008905	0.5051649
25	congruent_switch	C3	2.349857	1	0	2	0	207.72355	247.66335	0.257008905	0.5051649
25	congruent_switch	FCZ	1.890525	1	0	1	1	207.72355	247.66335	0.257008905	0.5051649
25	congruent_switch	FZ	1.286103	1	0	0	1	207.72355	247.66335	0.257008905	0.5051649
25	congruent_switch	F4	1.104248	1	0	0	2	207.72355	247.66335	0.257008905	0.5051649
25	congruent_switch	FC3	2.054473	1	0	1	0	207.72355	247.66335	0.257008905	0.5051649
25	congruent_switch	F3	1.13511	1	0	0	0	207.72355	247.66335	0.257008905	0.5051649
25	incongruent_stay	PZ	-0.318848	0	1	4	1	207.72355	247.66335	0.257008905	0.5051649
25	incongruent_stay	P4	1.166392	0	1	4	2	207.72355	247.66335	0.257008905	0.5051649
25	incongruent_stay	CP4	0.190564	0	1	3	2	207.72355	247.66335	0.257008905	0.5051649
25	incongruent_stay	C4	0.156473	0	1	2	2	207.72355	247.66335	0.257008905	0.5051649
25	incongruent_stay	P3	-0.094271	0	1	4	0	207.72355	247.66335	0.257008905	0.5051649
25	incongruent_stay	CP3	-0.545368	0	1	3	0	207.72355	247.66335	0.257008905	0.5051649
25	incongruent_stay	CPZ	-1.460315	0	1	3	1	207.72355	247.66335	0.257008905	0.5051649
25	incongruent_stay	CZ	-1.445241	0	1	2	1	207.72355	247.66335	0.257008905	0.5051649
25	incongruent_stay	FC4	-0.513319	0	1	1	2	207.72355	247.66335	0.257008905	0.5051649
25	incongruent_stay	C3	-0.749126	0	1	2	0	207.72355	247.66335	0.257008905	0.5051649
25	incongruent_stay	FCZ	-1.416306	0	1	1	1	207.72355	247.66335	0.257008905	0.5051649
25	incongruent_stay	FZ	-1.644704	0	1	0	1	207.72355	247.66335	0.257008905	0.5051649
25	incongruent_stay	F4	-1.45652	0	1	0	2	207.72355	247.66335	0.257008905	0.5051649
25	incongruent_stay	FC3	-0.812761	0	1	1	0	207.72355	247.66335	0.257008905	0.5051649
25	incongruent_stay	F3	-1.489355	0	1	0	0	207.72355	247.66335	0.257008905	0.5051649
25	incongruent_switch	PZ	2.885988	1	1	4	1	207.72355	247.66335	0.257008905	0.5051649
25	incongruent_switch	P4	4.037472	1	1	4	2	207.72355	247.66335	0.257008905	0.5051649
25	incongruent_switch	CP4	3.695045	1	1	3	2	207.72355	247.66335	0.257008905	0.5051649
25	incongruent_switch	C4	3.886689	1	1	2	2	207.72355	247.66335	0.257008905	0.5051649
25	incongruent_switch	P3	3.556426	1	1	4	0	207.72355	247.66335	0.257008905	0.5051649
25	incongruent_switch	CP3	2.925063	1	1	3	0	207.72355	247.66335	0.257008905	0.5051649
25	incongruent_switch	CPZ	1.976953	1	1	3	1	207.72355	247.66335	0.257008905	0.5051649
25	incongruent_switch	CZ	2.615711	1	1	2	1	207.72355	247.66335	0.257008905	0.5051649
25	incongruent_switch	FC4	4.252009	1	1	1	2	207.72355	247.66335	0.257008905	0.5051649
25	incongruent_switch	C3	2.972672	1	1	2	0	207.72355	247.66335	0.257008905	0.5051649
25	incongruent_switch	FCZ	3.33441	1	1	1	1	207.72355	247.66335	0.257008905	0.5051649
25	incongruent_switch	FZ	3.670006	1	1	0	1	207.72355	247.66335	0.257008905	0.5051649
25	incongruent_switch	F4	4.323045	1	1	0	2	207.72355	247.66335	0.257008905	0.5051649
25	incongruent_switch	FC3	3.881336	1	1	1	0	207.72355	247.66335	0.257008905	0.5051649
25	incongruent_switch	F3	4.026886	1	1	0	0	207.72355	247.66335	0.257008905	0.5051649
26	congruent_stay	PZ	-1.291034	0	0	4	1	100.99505	265.30825	0.300283637	0.8486515
26	congruent_stay	P4	-1.962546	0	0	4	2	100.99505	265.30825	0.300283637	0.8486515
26	congruent_stay	CP4	-1.829276	0	0	3	2	100.99505	265.30825	0.300283637	0.8486515
26	congruent_stay	C4	-6.056929	0	0	2	2	100.99505	265.30825	0.300283637	0.8486515
26	congruent_stay	P3	2.445399	0	0	4	0	100.99505	265.30825	0.300283637	0.8486515
26	congruent_stay	CP3	0.356107	0	0	3	0	100.99505	265.30825	0.300283637	0.8486515
26	congruent_stay	CPZ	1.489718	0	0	3	1	100.99505	265.30825	0.300283637	0.8486515
26	congruent_stay	CZ	1.113344	0	0	2	1	100.99505	265.30825	0.300283637	0.8486515
26	congruent_stay	FC4	-2.509135	0	0	1	2	100.99505	265.30825	0.300283637	0.8486515
26	congruent_stay	C3	1.157793	0	0	2	0	100.99505	265.30825	0.300283637	0.8486515
26	congruent_stay	FCZ	0.657948	0	0	1	1	100.99505	265.30825	0.300283637	0.8486515
26	congruent_stay	FZ	1.056739	0	0	0	1	100.99505	265.30825	0.300283637	0.8486515
26	congruent_stay	F4	-4.628125	0	0	0	2	100.99505	265.30825	0.300283637	0.8486515
26	congruent_stay	FC3	-0.06128	0	0	1	0	100.99505	265.30825	0.300283637	0.8486515
26	congruent_stay	F3	0.186346	0	0	0	0	100.99505	265.30825	0.300283637	0.8486515
26	congruent_switch	PZ	2.47881	1	0	4	1	100.99505	265.30825	0.300283637	0.8486515
26	congruent_switch	P4	1.153263	1	0	4	2	100.99505	265.30825	0.300283637	0.8486515
26	congruent_switch	CP4	1.573487	1	0	3	2	100.99505	265.30825	0.300283637	0.8486515
26	congruent_switch	C4	2.5329	1	0	2	2	100.99505	265.30825	0.300283637	0.8486515
26	congruent_switch	P3	4.125163	1	0	4	0	100.99505	265.30825	0.300283637	0.8486515
26	congruent_switch	CP3	4.278596	1	0	3	0	100.99505	265.30825	0.300283637	0.8486515
26	congruent_switch	CPZ	1.619633	1	0	3	1	100.99505	265.30825	0.300283637	0.8486515
26	congruent_switch	CZ	1.738628	1	0	2	1	100.99505	265.30825	0.300283637	0.8486515
26	congruent_switch	FC4	1.548764	1	0	1	2	100.99505	265.30825	0.300283637	0.8486515
26	congruent_switch	C3	3.181701	1	0	2	0	100.99505	265.30825	0.300283637	0.8486515
26	congruent_switch	FCZ	1.446035	1	0	1	1	100.99505	265.30825	0.300283637	0.8486515
26	congruent_switch	FZ	-0.671705	1	0	0	1	100.99505	265.30825	0.300283637	0.8486515
26	congruent_switch	F4	-0.065981	1	0	0	2	100.99505	265.30825	0.300283637	0.8486515
26	congruent_switch	FC3	2.810678	1	0	1	0	100.99505	265.30825	0.300283637	0.8486515
26	congruent_switch	F3	0.464838	1	0	0	0	100.99505	265.30825	0.300283637	0.8486515
26	incongruent_stay	PZ	-2.391108	0	1	4	1	100.99505	265.30825	0.300283637	0.8486515
26	incongruent_stay	P4	0.903709	0	1	4	2	100.99505	265.30825	0.300283637	0.8486515
26	incongruent_stay	CP4	-2.874588	0	1	3	2	100.99505	265.30825	0.300283637	0.8486515
26	incongruent_stay	C4	-1.73867	0	1	2	2	100.99505	265.30825	0.300283637	0.8486515
26	incongruent_stay	P3	2.281074	0	1	4	0	100.99505	265.30825	0.300283637	0.8486515
26	incongruent_stay	CP3	-0.124946	0	1	3	0	100.99505	265.30825	0.300283637	0.8486515
26	incongruent_stay	CPZ	-2.66535	0	1	3	1	100.99505	265.30825	0.300283637	0.8486515
26	incongruent_stay	CZ	-2.223208	0	1	2	1	100.99505	265.30825	0.300283637	0.8486515
26	incongruent_stay	FC4	-2.428228	0	1	1	2	100.99505	265.30825	0.300283637	0.8486515
26	incongruent_stay	C3	-0.651441	0	1	2	0	100.99505	265.30825	0.300283637	0.8486515
26	incongruent_stay	FCZ	-2.736058	0	1	1	1	100.99505	265.30825	0.300283637	0.8486515
26	incongruent_stay	FZ	-3.12856	0	1	0	1	100.99505	265.30825	0.300283637	0.8486515
26	incongruent_stay	F4	-3.320923	0	1	0	2	100.99505	265.30825	0.300283637	0.8486515
26	incongruent_stay	FC3	-1.486783	0	1	1	0	100.99505	265.30825	0.300283637	0.8486515
26	incongruent_stay	F3	1.411959	0	1	0	0	100.99505	265.30825	0.300283637	0.8486515
26	incongruent_switch	PZ	-1.302419	1	1	4	1	100.99505	265.30825	0.300283637	0.8486515
26	incongruent_switch	P4	-0.546613	1	1	4	2	100.99505	265.30825	0.300283637	0.8486515
26	incongruent_switch	CP4	-0.516632	1	1	3	2	100.99505	265.30825	0.300283637	0.8486515
26	incongruent_switch	C4	-0.693065	1	1	2	2	100.99505	265.30825	0.300283637	0.8486515
26	incongruent_switch	P3	0.677356	1	1	4	0	100.99505	265.30825	0.300283637	0.8486515
26	incongruent_switch	CP3	-0.055986	1	1	3	0	100.99505	265.30825	0.300283637	0.8486515
26	incongruent_switch	CPZ	-1.29645	1	1	3	1	100.99505	265.30825	0.300283637	0.8486515
26	incongruent_switch	CZ	-2.066903	1	1	2	1	100.99505	265.30825	0.300283637	0.8486515
26	incongruent_switch	FC4	-1.62633	1	1	1	2	100.99505	265.30825	0.300283637	0.8486515
26	incongruent_switch	C3	-0.738927	1	1	2	0	100.99505	265.30825	0.300283637	0.8486515
26	incongruent_switch	FCZ	-2.32488	1	1	1	1	100.99505	265.30825	0.300283637	0.8486515
26	incongruent_switch	FZ	-3.592886	1	1	0	1	100.99505	265.30825	0.300283637	0.8486515
26	incongruent_switch	F4	-1.705132	1	1	0	2	100.99505	265.30825	0.300283637	0.8486515
26	incongruent_switch	FC3	-1.642333	1	1	1	0	100.99505	265.30825	0.300283637	0.8486515
26	incongruent_switch	F3	-4.21164	1	1	0	0	100.99505	265.30825	0.300283637	0.8486515
